183 1
299 1
309 1
384 1
411 1
432 1
682 1
1115 1
1607 1
1818 1
2065 1
2416 1
2901 1
3457 1
4151 1
4529 1
5082 1
5280 1
5437 1
5697 1
5838 1
6056 1
4256 2
4267 2
4406 2
4561 2
4614 2
4635 2
4694 2
4716 2
4848 2
5043 2
5377 2
5458 2
5583 2
5622 2
5646 2
5655 2
5678 2
6054 2
6092 2
164 3
1612 3
3904 3
4975 3
5049 3
177 4
208 4
211 4
251 4
259 4
276 4
278 4
284 4
302 4
404 4
451 4
1099 4
1248 4
1608 4
1686 4
2362 4
2439 4
2506 4
2926 4
2955 4
3099 4
3162 4
3621 4
3648 4
3795 4
3991 4
4339 4
4359 4
4746 4
4978 4
5663 4
6053 4
6081 4
165 5
246 5
460 5
479 5
613 5
1068 5
1661 5
1689 5
2005 5
3025 5
3375 5
4206 5
4361 5
4836 5
4854 5
4873 5
5180 5
5478 5
10 6
21 6
80 6
252 6
276 6
364 6
392 6
422 6
443 6
662 6
850 6
1128 6
1466 6
1480 6
1708 6
1821 6
1979 6
2326 6
2362 6
2458 6
2545 6
2704 6
2877 6
2920 6
3769 6
3972 6
3982 6
4027 6
4282 6
4370 6
4463 6
5189 6
5503 6
5511 6
5653 6
5821 6
951 7
2132 7
31 8
41 8
69 8
78 8
162 8
265 8
275 8
277 8
289 8
296 8
325 8
394 8
436 8
451 8
476 8
607 8
1146 8
2263 8
2875 8
3340 8
3745 8
3853 8
4062 8
4670 8
4917 8
5020 8
5422 8
5779 8
5847 8
6050 8
6063 8
6088 8
160 9
209 9
463 9
616 9
2287 9
4574 9
4920 9
5650 10
5782 10
5783 10
5821 10
5880 10
5949 10
6001 10
6002 10
6011 10
6056 10
6093 10
6097 10
84 11
144 11
317 11
338 11
371 11
402 11
406 11
407 11
705 11
721 11
783 11
816 11
819 11
945 11
1070 11
1697 11
1884 11
2097 11
2150 11
2535 11
2599 11
2610 11
2749 11
2963 11
3339 11
3490 11
4289 11
4317 11
4578 11
4621 11
4644 11
5454 11
5520 11
5913 11
420 12
76 13
365 13
651 13
1072 13
2449 13
2619 13
4100 13
4556 13
16 15
58 15
209 15
341 15
431 15
881 15
1593 15
2147 15
2942 15
3070 15
3533 15
4326 15
5030 15
5071 15
58 16
223 16
881 16
957 16
1593 16
1920 16
2147 16
2942 16
3070 16
3533 16
4326 16
4566 16
4995 16
5071 16
155 17
246 17
247 17
329 17
341 17
392 17
524 17
527 17
685 17
895 17
1267 17
1291 17
1520 17
1595 17
1724 17
1780 17
1954 17
2314 17
2564 17
3110 17
3697 17
3974 17
4084 17
4135 17
4215 17
4345 17
4790 17
4791 17
4874 17
4926 17
5119 17
5279 17
5332 17
5789 17
5829 17
225 18
371 18
377 18
657 18
1124 18
1389 18
1855 18
1982 18
2058 18
2085 18
2168 18
2811 18
2915 18
4091 18
4414 18
4533 18
4543 18
4631 18
4900 18
5540 18
5699 18
5755 18
5777 18
2420 19
4059 19
5238 19
5856 19
80 20
106 20
329 20
525 20
544 20
612 20
871 20
929 20
1082 20
1522 20
1592 20
1650 20
1758 20
1783 20
2018 20
2288 20
2313 20
2600 20
2609 20
2660 20
2675 20
3211 20
3579 20
3723 20
3964 20
4027 20
4452 20
4555 20
4560 20
4874 20
5102 20
5183 20
5462 20
5789 20
5961 20
6065 20
4052 21
4105 21
4172 21
4370 21
4373 21
4601 21
4696 21
4991 21
5011 21
5084 21
5208 21
5283 21
5289 21
5303 21
5337 21
5503 21
5734 21
5821 21
352 22
709 22
1038 22
1289 22
1579 22
1858 22
2123 22
2496 22
3117 22
3428 22
3936 22
3966 22
4130 22
4162 22
4181 22
4420 22
4444 22
4448 22
4892 22
5029 22
5335 22
152 23
340 23
396 23
1982 23
2653 23
3085 23
3751 23
3753 23
5007 23
5139 23
5984 23
343 24
374 24
382 24
443 24
449 24
757 24
1133 24
1505 24
1992 24
2419 24
4102 24
4213 24
4227 24
4282 24
5911 24
244 25
532 26
533 26
646 26
849 26
1663 26
1675 26
1864 26
2326 26
3101 26
3453 26
3941 26
4353 26
4600 26
4772 26
4915 26
4961 26
5085 26
76 27
107 27
205 27
343 27
349 27
397 27
431 27
468 27
475 27
1121 27
1701 27
2302 27
2376 27
2597 27
2779 27
3029 27
3042 27
3062 27
3518 27
5201 27
5500 27
5908 27
149 28
177 28
204 28
251 28
266 28
291 28
404 28
446 28
735 28
1647 28
1943 28
1971 28
2426 28
2482 28
2494 28
3022 28
3264 28
3608 28
3746 28
4359 28
4497 28
5130 28
5410 28
5436 28
5562 28
5660 28
5745 28
6026 28
51 29
348 29
438 29
480 29
1127 29
1472 29
1605 29
2274 29
2976 29
3000 29
3206 29
3291 29
3298 29
3302 29
3378 29
3481 29
4269 29
4866 29
4905 29
5110 29
5969 29
32 30
132 30
678 30
3156 30
3896 30
5482 30
69 31
184 31
275 31
277 31
541 31
1418 31
2360 31
3340 31
3591 31
3771 31
4062 31
4405 31
5020 31
5099 31
5676 31
6063 31
132 32
644 33
3722 33
5762 33
38 34
105 34
206 34
268 34
282 34
867 34
1040 34
1048 34
2028 34
2365 34
2912 34
3104 34
3134 34
3285 34
3316 34
3732 34
3855 34
4620 34
4666 34
4922 34
5765 34
6046 34
130 35
136 35
211 35
1990 35
2930 35
3858 35
5055 35
5107 35
5715 35
160 36
202 36
212 36
414 36
460 36
3627 36
5749 36
268 37
384 37
391 37
762 37
1221 37
1607 37
2411 37
3512 37
3767 37
4585 37
5645 37
184 38
206 38
404 38
446 38
478 38
515 38
737 38
1249 38
1818 38
1824 38
2159 38
2170 38
2326 38
2541 38
2686 38
2750 38
3006 38
3132 38
3148 38
3168 38
3207 38
3498 38
3836 38
4022 38
4141 38
4704 38
4776 38
4802 38
5022 38
5166 38
52 39
397 39
1891 39
2112 39
3259 39
3724 39
4041 39
4071 39
127 40
815 40
1050 40
3042 40
3641 40
4111 40
4358 40
4815 40
5860 40
69 41
325 41
567 41
601 41
2317 41
2389 41
2447 41
2792 41
3860 41
4066 41
4950 41
5577 41
5841 41
5967 41
51 42
56 42
231 42
244 42
342 42
354 42
621 42
660 42
990 42
991 42
992 42
1216 42
1272 42
2216 42
2677 42
2706 42
3023 42
3363 42
3638 42
4316 42
4348 42
4412 42
4779 42
4823 42
5081 42
5252 42
5472 42
5497 42
5810 42
5916 42
94 43
1079 43
1932 43
4717 43
5658 43
3983 44
4148 44
4166 44
4403 44
4457 44
4478 44
4547 44
4550 44
4711 44
4858 44
4915 44
5009 44
5155 44
5209 44
5301 44
5331 44
5411 44
5495 44
5589 44
5820 44
5905 44
64 45
340 45
783 45
844 45
1403 45
80 46
121 46
197 46
198 46
280 46
412 46
424 46
451 46
460 46
1831 46
2353 46
2369 46
2439 46
2594 46
2682 46
2707 46
3125 46
3476 46
3961 46
4304 46
5621 46
5782 46
404 47
504 47
835 47
1426 47
1689 47
4339 47
4657 47
4989 47
5907 47
77 48
136 48
207 48
972 48
1921 48
2436 48
2499 48
3711 48
3900 48
4045 48
4325 48
4655 48
5072 48
5475 48
314 49
366 49
1886 49
2617 49
3121 49
6085 49
320 50
480 50
768 50
1123 50
1633 50
3556 50
4569 50
5413 50
55 51
295 51
438 51
480 51
501 51
586 51
810 51
1084 51
1114 51
1127 51
1218 51
1219 51
1286 51
1416 51
1452 51
1472 51
1482 51
1545 51
1563 51
1805 51
1956 51
1960 51
2023 51
2324 51
2521 51
2801 51
3257 51
3412 51
3451 51
3549 51
3569 51
4095 51
4437 51
4502 51
4529 51
4668 51
4947 51
4999 51
5151 51
5697 51
5815 51
305 52
308 52
324 52
397 52
475 52
1218 52
1891 52
2112 52
2380 52
2793 52
3311 52
3312 52
3491 52
3912 52
5003 52
5448 52
5496 52
5757 52
6076 52
176 53
452 53
1020 53
1053 53
1811 53
2029 53
2448 53
3145 53
3446 53
3687 53
4280 53
5305 53
5596 53
78 54
138 54
162 54
197 54
364 54
572 54
584 54
605 54
1152 54
2416 54
3233 54
3849 54
4204 54
4893 54
4972 54
5769 54
5995 54
184 55
306 55
412 55
420 55
459 55
2826 55
342 56
1144 56
381 57
453 57
6089 57
113 58
126 58
137 58
161 58
162 58
168 58
174 58
184 58
223 58
274 58
280 58
314 58
364 58
370 58
386 58
420 58
422 58
881 58
984 58
1393 58
1720 58
2300 58
4326 58
4563 58
4633 58
5056 58
327 60
348 60
472 60
506 60
507 60
595 60
622 60
625 60
1147 60
1192 60
1936 60
2094 60
2126 60
2353 60
2522 60
2527 60
2636 60
2772 60
3135 60
3293 60
3643 60
4378 60
5083 60
5395 60
5683 60
5709 60
62 61
164 61
298 61
455 61
553 61
1892 61
2001 61
3163 61
5371 61
5417 61
5828 61
4986 62
5095 62
5137 62
5374 62
5382 62
5402 62
5410 62
5489 62
5508 62
5573 62
5733 62
5778 62
5905 62
298 63
343 63
360 63
363 63
485 63
853 63
1430 63
2062 63
2425 63
2709 63
2995 63
3729 63
4643 63
4763 63
5849 63
6039 63
340 64
783 64
844 64
1403 64
1448 64
1801 64
1890 64
2938 64
3058 64
5484 64
149 65
1457 65
1488 65
5401 65
5575 65
206 66
369 66
2974 66
5211 66
207 67
332 67
554 67
1309 67
2127 67
2300 67
2395 67
2684 67
2736 67
3213 67
5147 67
365 68
659 68
2931 68
5073 68
5842 68
3999 69
4062 69
4066 69
4067 69
4310 69
4455 69
4563 69
4670 69
4695 69
4838 69
4839 69
4936 69
4950 69
5217 69
5422 69
5574 69
5577 69
5676 69
5802 69
5871 69
5967 69
6000 69
6088 69
80 70
97 70
210 70
227 70
584 70
875 70
1266 70
2259 70
2481 70
2532 70
3059 70
3060 70
3297 70
3299 70
3462 70
3620 70
3721 70
4221 70
4222 70
4388 70
4889 70
5053 70
5348 70
5384 70
5394 70
5991 70
126 71
161 71
174 71
191 71
223 71
269 71
327 71
370 71
386 71
424 71
479 71
507 71
799 71
826 71
1068 71
1554 71
1734 71
2959 71
3253 71
3340 71
3465 71
3467 71
3520 71
3656 71
4283 71
4711 71
4982 71
5100 71
155 72
296 72
394 72
4307 72
324 73
904 73
1306 73
2222 73
2475 73
2629 73
2666 73
3415 73
3976 73
4426 73
4617 73
4945 73
5058 73
5582 73
6014 73
78 74
162 74
193 74
856 74
1093 74
1152 74
1222 74
1358 74
1594 74
1705 74
2129 74
2271 74
2284 74
2417 74
2478 74
2584 74
3422 74
3950 74
4096 74
4484 74
4524 74
5404 74
5486 74
5841 74
5861 74
5997 74
252 75
313 75
443 75
5027 76
5045 76
5073 76
5206 76
5435 76
5488 76
5619 76
5673 76
5691 76
5889 76
6022 76
4841 77
4942 77
4954 77
5072 77
5074 77
5079 77
5221 77
5255 77
5702 77
5707 77
5721 77
5931 77
5946 77
5996 77
6055 77
4085 78
4187 78
4284 78
4493 78
4500 78
4616 78
4718 78
4780 78
4846 78
4902 78
4935 78
4976 78
5008 78
5089 78
5210 78
5251 78
5279 78
5362 78
5749 78
5968 78
129 79
144 79
216 79
231 79
342 79
415 79
1100 79
1583 79
1644 79
1703 79
2166 79
2273 79
2623 79
2625 79
3383 79
3398 79
3433 79
4109 79
4446 79
5581 79
5685 79
5844 79
5892 79
5941 79
6051 79
96 80
162 80
183 80
184 80
194 80
197 80
208 80
252 80
280 80
314 80
364 80
394 80
443 80
451 80
456 80
544 80
631 80
728 80
875 80
961 80
1211 80
1415 80
1551 80
1718 80
1783 80
1928 80
2071 80
2393 80
2441 80
2546 80
2789 80
3026 80
3121 80
3163 80
3326 80
3586 80
3733 80
4027 80
4237 80
4478 80
4618 80
4740 80
4773 80
4889 80
4936 80
4991 80
5053 80
5621 80
5803 80
86 81
2789 81
121 82
296 82
434 82
441 82
460 82
485 82
591 82
751 82
763 82
765 82
859 82
1451 82
1582 82
1655 82
1770 82
1872 82
2102 82
2357 82
2608 82
2710 82
3063 82
3760 82
3789 82
4329 82
4909 82
4923 82
5053 82
5598 82
5701 82
6038 82
512 83
4438 83
116 84
256 84
371 84
721 84
783 84
882 84
1070 84
1206 84
1702 84
1786 84
2378 84
2450 84
2469 84
2947 84
3002 84
3175 84
3241 84
3562 84
3685 84
4317 84
4412 84
4548 84
4621 84
4632 84
4644 84
4678 84
4701 84
4720 84
4937 84
5609 84
313 85
602 85
1896 85
1988 85
2056 85
2159 85
2342 85
2769 85
3193 85
3335 85
3702 85
3928 85
3940 85
4087 85
4722 85
4972 85
5246 85
5294 86
5386 86
5449 86
5570 86
5579 86
5610 86
5656 86
5669 86
5683 86
5763 86
5799 86
5886 86
5948 86
5965 86
5978 86
6040 86
6066 86
6067 86
6085 86
89 87
172 87
173 87
324 87
862 87
887 87
1021 87
1035 87
1182 87
1445 87
1475 87
1667 87
1688 87
2232 87
2413 87
2626 87
2652 87
2804 87
3016 87
3045 87
3208 87
3488 87
3742 87
4065 87
4154 87
4178 87
4300 87
4362 87
4386 87
4404 87
4813 87
4882 87
4944 87
4990 87
5016 87
5056 87
5091 87
5672 87
5832 87
5859 87
184 88
1345 88
2990 88
4482 88
4864 88
172 89
173 89
1825 89
1961 89
3103 89
5292 89
166 90
252 90
357 90
473 90
883 90
1468 90
1935 90
2603 90
2893 90
3423 90
3866 90
4608 90
4725 90
4751 90
4921 90
4955 90
5511 90
252 91
280 91
535 91
816 91
1337 91
1436 91
1895 91
1902 91
2904 91
3102 91
3496 91
3677 91
3985 91
4421 91
4957 91
5019 91
5511 91
140 92
177 92
356 92
1462 92
2095 92
5510 92
231 93
609 93
2990 93
3409 93
4558 93
4887 93
4994 93
5376 93
342 94
549 94
1556 94
1573 94
2012 94
2180 94
2269 94
2587 94
2657 94
3309 94
3759 94
4137 94
4707 94
5375 94
5464 94
6079 94
196 95
272 95
285 95
365 95
388 95
719 95
742 95
947 95
1014 95
1287 95
2370 95
2375 95
2449 95
3229 95
3370 95
4316 95
4531 95
4636 95
4811 95
5292 95
5556 95
5735 95
184 96
365 96
448 96
727 96
909 96
1132 96
1669 96
1670 96
1844 96
2180 96
2466 96
2525 96
2749 96
3121 96
3304 96
3661 96
3862 96
4113 96
4156 96
4564 96
4618 96
4642 96
4731 96
4844 96
4896 96
5140 96
5477 96
5795 96
137 97
246 97
280 97
405 97
479 97
535 97
619 97
715 97
989 97
1056 97
1278 97
1340 97
1535 97
1672 97
1694 97
1766 97
2173 97
2267 97
2353 97
2425 97
2532 97
3816 97
4032 97
4178 97
4460 97
5419 97
5465 97
5822 97
442 98
466 98
1051 98
3010 98
3046 98
3098 98
3160 98
3913 98
4335 98
4520 98
5137 98
5547 98
5551 98
5559 98
5563 98
5828 98
6003 98
6020 98
156 99
348 99
441 99
485 99
1293 99
2274 99
2501 99
2547 99
2560 99
2643 99
3000 99
3137 99
3147 99
3544 99
3694 99
3712 99
3839 99
3893 99
4363 99
4408 99
4652 99
5875 99
147 100
220 100
236 100
1154 100
2248 100
2499 100
3791 100
5039 100
207 101
166 102
357 102
704 102
832 102
1105 102
1468 102
1469 102
1592 102
1750 102
2346 102
2586 102
2603 102
2891 102
3408 102
3548 102
3678 102
3683 102
4025 102
4257 102
4375 102
4422 102
4684 102
4891 102
4977 102
5196 102
5385 102
5421 102
184 103
457 103
2108 103
2508 103
2923 103
2983 103
3940 103
4173 103
4174 103
4640 103
4789 103
5259 103
5457 103
5975 103
139 104
164 104
343 104
382 104
449 104
579 104
729 104
1319 104
1386 104
1568 104
1600 104
1674 104
1733 104
1959 104
2275 104
2495 104
2704 104
3234 104
3673 104
3987 104
4261 104
4754 104
5381 104
6080 104
162 105
170 105
206 105
255 105
268 105
300 105
369 105
376 105
412 105
420 105
499 105
1228 105
3285 105
4365 105
5236 105
5330 105
5420 105
5635 105
6068 105
137 106
310 106
413 106
667 106
752 106
971 106
1016 106
1202 106
1384 106
1549 106
1596 106
1715 106
1823 106
1936 106
2018 106
2288 106
2304 106
2387 106
2539 106
2561 106
2637 106
2673 106
2890 106
2977 106
3009 106
3260 106
3579 106
3840 106
4101 106
4311 106
4467 106
4618 106
4696 106
4981 106
4985 106
5398 106
5501 106
5579 106
343 107
371 107
463 107
555 107
1059 107
1795 107
2114 107
2370 107
3731 107
4517 107
4522 107
5200 107
393 108
451 108
4046 108
5112 108
5225 108
5437 108
319 109
777 109
896 109
1096 109
1232 109
1285 109
1410 109
1652 109
1690 109
1691 109
1934 109
3227 109
3277 109
3452 109
3612 109
3644 109
4471 109
5606 109
686 110
1991 110
3288 110
145 111
266 111
1372 111
1658 111
1981 111
2371 111
2544 111
2830 111
3007 111
3332 111
4738 111
4986 111
5455 111
5571 111
5683 111
4145 112
5494 112
135 113
184 113
268 113
337 113
364 113
483 113
1125 113
1804 113
2352 113
2745 113
6002 113
182 114
233 114
365 114
448 114
516 114
843 114
1196 114
1347 114
2969 114
3925 114
4558 114
5668 114
5892 114
117 115
397 115
608 115
1171 115
1470 115
1721 115
1745 115
3593 115
4327 115
4814 115
5452 115
144 116
440 116
539 116
643 116
1060 116
2487 116
3568 116
4701 116
4822 116
4907 116
5584 116
5775 116
5805 116
136 117
173 117
210 117
264 117
397 117
416 117
547 117
1424 117
1744 117
2115 117
2438 117
3454 117
3560 117
5021 117
5041 117
5683 117
384 118
708 118
804 118
1845 118
2960 118
2961 118
4151 118
4550 118
4805 118
6006 118
177 119
251 119
2565 119
375 120
382 120
903 120
1163 120
2370 120
3900 120
3953 120
4908 120
155 121
162 121
187 121
199 121
246 121
296 121
299 121
306 121
349 121
411 121
434 121
436 121
441 121
460 121
763 121
1175 121
1451 121
1524 121
1582 121
1655 121
1872 121
2080 121
2130 121
2134 121
2198 121
2250 121
2523 121
2710 121
2795 121
3501 121
3566 121
3945 121
4329 121
4466 121
4781 121
4803 121
4923 121
5053 121
5088 121
5366 121
5441 121
5651 121
745 122
747 122
1515 122
1559 122
1606 122
1628 122
2086 122
2945 122
3092 122
3112 122
3782 122
4488 122
4499 122
4532 122
4856 122
5187 122
5241 122
5544 122
5743 122
5830 122
1411 123
1986 123
3624 123
3735 123
3745 123
4232 123
125 124
157 124
228 124
242 124
266 124
411 124
575 124
894 124
1010 124
1088 124
1307 124
1619 124
1740 124
1872 124
2198 124
2815 124
2906 124
3035 124
3165 124
3264 124
3524 124
3635 124
3636 124
3746 124
3826 124
3888 124
3965 124
4165 124
4201 124
4432 124
4897 124
5126 124
5446 124
5801 124
5865 124
6008 124
208 125
355 125
424 125
462 125
1561 125
1740 125
2162 125
2582 125
3608 125
3641 125
3727 125
3965 125
4809 125
5681 125
5746 125
145 126
155 126
161 126
174 126
175 126
184 126
223 126
224 126
269 126
282 126
298 126
327 126
329 126
334 126
355 126
370 126
386 126
393 126
412 126
420 126
422 126
424 126
460 126
1068 126
1104 126
1177 126
1215 126
1461 126
1848 126
1924 126
2353 126
2411 126
2991 126
3037 126
3271 126
3340 126
3380 126
3431 126
3788 126
4687 126
4793 126
4936 126
4982 126
5324 126
5554 126
5598 126
5899 126
287 127
384 127
618 127
921 127
1445 127
1865 127
1933 127
1949 127
2344 127
2503 127
3744 127
3875 127
4736 127
4845 127
5018 127
5850 127
342 129
1181 129
1772 129
1949 129
3744 129
4107 129
136 130
211 130
246 130
2435 130
2551 130
5345 130
365 131
965 131
1445 131
2862 131
4312 132
4328 132
4395 132
4480 132
4561 132
4625 132
4658 132
4849 132
4945 132
5056 132
5233 132
5576 132
5665 132
5749 132
5921 132
177 133
291 133
2958 133
5389 133
255 134
460 134
692 134
855 134
1110 134
4550 134
4981 134
337 135
420 135
481 135
5021 136
5051 136
5060 136
5133 136
5226 136
5367 136
5506 136
5522 136
5764 136
5973 136
5205 137
5438 137
5731 137
1355 138
1616 138
2322 138
2324 138
2723 138
3205 138
4451 138
4880 138
202 139
374 139
391 139
884 139
1063 139
1188 139
1256 139
1681 139
2045 139
2370 139
2503 139
2824 139
3364 139
3442 139
4288 139
4343 139
4785 139
5519 139
317 140
354 140
403 140
437 140
470 140
520 140
636 140
1001 140
1622 140
2054 140
2152 140
3031 140
3136 140
3808 140
4008 140
4024 140
4321 140
4412 140
4723 140
4784 140
4884 140
5322 140
195 141
330 141
177 142
302 142
330 142
420 142
435 142
2259 142
2408 142
2846 142
3005 142
3073 142
3217 142
3652 142
4131 142
4292 142
4384 142
4808 142
4991 142
5228 142
5299 142
5312 142
5585 142
5587 142
5813 142
283 144
342 144
371 144
529 144
882 144
982 144
1070 144
1193 144
1320 144
1741 144
2214 144
2295 144
2469 144
2487 144
3080 144
3098 144
3132 144
3184 144
3469 144
4590 144
4842 144
5108 144
5770 144
5919 144
5132 145
5310 145
5536 145
5887 145
6091 145
250 146
218 147
236 147
356 147
444 147
1236 147
1517 147
2354 147
3120 147
3296 147
3932 147
4086 147
4749 147
4885 147
5015 147
5947 147
460 148
469 148
1791 148
3820 148
177 149
251 149
266 149
284 149
302 149
351 149
404 149
878 149
1280 149
1360 149
2515 149
2596 149
2750 149
2813 149
3152 149
3264 149
3746 149
3822 149
3954 149
4339 149
4359 149
4550 149
4669 149
4737 149
4783 149
4979 149
5186 149
5317 149
5388 149
5894 149
174 150
291 150
710 150
1195 150
4352 150
4549 150
5318 150
5541 150
358 151
696 151
1555 151
1807 151
2203 151
2692 151
2751 151
2817 151
2913 151
3015 151
3371 151
4090 151
4963 151
5613 151
5766 151
6028 151
200 152
1500 152
1894 152
2757 152
3064 152
3224 152
199 153
258 153
332 153
430 153
451 153
460 153
1541 153
2765 153
3189 153
3340 153
3590 153
3779 153
4490 153
4786 153
5048 153
5216 153
5327 153
5473 153
5611 153
5626 153
5820 153
492 154
5343 154
5980 154
180 155
193 155
199 155
246 155
247 155
261 155
262 155
296 155
325 155
329 155
339 155
392 155
436 155
706 155
831 155
851 155
1068 155
1439 155
1696 155
2117 155
2763 155
2901 155
2946 155
2996 155
3340 155
3443 155
3745 155
3754 155
3758 155
3967 155
4304 155
4307 155
4695 155
4987 155
5251 155
5422 155
5676 155
5828 155
5870 155
5972 155
6064 155
210 156
257 156
298 156
314 156
334 156
557 156
1262 156
1408 156
2063 156
2304 156
2332 156
2498 156
2679 156
3050 156
3086 156
3140 156
3403 156
3669 156
3868 156
4068 156
4343 156
4473 156
4585 156
4652 156
4876 156
4934 156
5734 156
5782 156
5882 156
329 157
422 157
902 157
905 157
1244 157
1425 157
2070 157
3027 157
3035 157
3472 157
3548 157
3836 157
4341 157
4552 157
4682 157
5126 157
5632 157
1207 158
2334 158
2444 158
2758 158
3237 158
3616 158
4619 158
5358 158
5535 158
5756 158
5999 158
344 159
2220 159
2224 159
2654 159
4412 159
4462 159
4485 159
4568 159
4701 159
4822 159
6020 159
371 160
431 160
616 160
1210 160
1294 160
1860 160
1975 160
1993 160
2209 160
2324 160
2611 160
2645 160
3741 160
3830 160
3839 160
3865 160
3925 160
4102 160
4188 160
4567 160
4571 160
4588 160
4761 160
4777 160
5034 160
5069 160
5354 160
5776 160
170 161
174 161
223 161
261 161
262 161
269 161
275 161
364 161
370 161
386 161
479 161
985 161
1068 161
1331 161
1554 161
1665 161
1689 161
1716 161
2429 161
2875 161
3037 161
3340 161
3431 161
3853 161
4310 161
4637 161
4687 161
4695 161
4793 161
5676 161
5994 161
5803 162
5877 162
5888 162
5917 162
5936 162
5961 162
5968 162
6022 162
220 163
343 163
463 163
1476 163
1891 163
2114 163
3072 163
3147 163
4282 163
4542 163
205 164
286 164
310 164
343 164
400 164
423 164
468 164
563 164
1014 164
1042 164
1133 164
1505 164
1590 164
1776 164
1852 164
1992 164
2024 164
2242 164
2293 164
2438 164
2857 164
2908 164
3385 164
3715 164
3870 164
3877 164
3987 164
4102 164
4227 164
4282 164
4340 164
4428 164
4481 164
4918 164
5118 164
5272 164
5274 164
5381 164
5552 164
5839 164
5911 164
5992 164
6069 164
2756 165
357 166
1764 166
181 167
932 167
2157 167
2548 167
2940 167
3320 167
3342 167
3536 167
4431 167
4690 167
4816 167
5114 167
5424 167
6016 167
593 168
649 168
658 168
661 168
772 168
1077 168
1245 168
1445 168
1502 168
1649 168
1738 168
1900 168
2302 168
2307 168
2800 168
2821 168
2934 168
3014 168
3474 168
3477 168
3610 168
3625 168
3828 168
3925 168
3965 168
4235 168
4537 168
4944 168
5056 168
5144 168
5245 168
5390 168
5689 168
6012 168
457 169
206 170
255 170
300 170
364 170
384 170
5236 170
241 171
596 171
683 171
742 171
1259 171
1294 171
2320 171
3210 171
3993 171
4298 171
5030 171
5148 171
5149 171
5542 171
5602 171
5628 171
1235 172
182 173
184 173
264 173
302 173
306 173
384 173
385 173
397 173
687 173
831 173
887 173
1081 173
1589 173
1825 173
2068 173
2335 173
2525 173
2754 173
2935 173
3046 173
3142 173
3311 173
3917 173
4068 173
4541 173
4704 173
4724 173
4813 173
4919 173
5056 173
5062 173
5843 173
5934 173
5988 173
6085 173
223 174
224 174
249 174
252 174
258 174
269 174
282 174
314 174
327 174
350 174
364 174
370 174
386 174
443 174
456 174
460 174
479 174
489 174
936 174
1461 174
1617 174
1968 174
2076 174
2315 174
2991 174
2998 174
3340 174
3580 174
4365 174
5324 174
5412 174
5635 174
5752 174
255 175
282 175
302 175
329 175
369 175
412 175
460 175
935 175
1785 175
2564 175
3151 175
4304 175
4673 175
4949 175
5503 175
243 176
280 176
333 176
382 176
388 176
408 176
427 176
452 176
1143 176
1151 176
1506 176
1808 176
1811 176
2029 176
3127 176
3286 176
3813 176
4247 176
4248 176
5514 176
5642 176
251 177
266 177
280 177
291 177
302 177
306 177
329 177
344 177
351 177
364 177
369 177
384 177
399 177
404 177
412 177
420 177
435 177
439 177
443 177
460 177
1406 177
1427 177
2109 177
2259 177
2825 177
2853 177
2863 177
2932 177
2952 177
3554 177
3972 177
4009 177
4253 177
4370 177
5117 177
5306 177
5315 177
5436 177
5503 177
5772 177
457 178
3596 178
3886 178
4282 178
5310 178
5624 178
368 179
449 179
473 179
604 179
650 179
1699 179
1962 179
2111 179
2201 179
2262 179
2285 179
2355 179
2469 179
2481 179
2636 179
2665 179
2712 179
3141 179
3155 179
3388 179
3460 179
4019 179
4550 179
4678 179
4805 179
4937 179
5067 179
5262 179
5775 179
5827 179
5846 179
5855 179
6005 179
246 180
339 180
477 180
831 180
1329 180
1553 180
2825 180
3443 180
5772 180
1709 181
1769 181
2081 181
3360 181
4756 181
4868 181
315 182
384 182
391 182
420 182
481 182
1110 182
2438 182
3137 182
4109 182
4467 182
4486 182
4487 182
4834 182
384 183
627 183
2020 183
2286 183
2407 183
2814 183
3457 183
3511 183
3561 183
4901 183
5240 183
5437 183
5706 183
5987 183
5812 184
5818 184
5826 184
5848 184
5914 184
5927 184
5942 184
5955 184
5959 184
5988 184
6036 184
6083 184
432 185
537 185
4589 185
193 186
267 186
1435 186
1802 186
2022 186
2415 186
2417 186
2941 186
3269 186
3535 186
3705 186
3726 186
4239 186
4255 186
5063 186
5176 186
5415 186
388 188
444 188
744 188
1027 188
1844 188
2178 188
2651 188
2842 188
3031 188
3641 188
3805 188
3818 188
3965 188
4596 188
4688 188
5198 188
1558 189
2568 189
5224 189
6086 189
4461 190
193 191
199 191
267 191
370 191
767 191
1103 191
1377 191
1459 191
1696 191
1739 191
1818 191
2300 191
2478 191
3067 191
3758 191
3967 191
5053 191
5528 191
5688 191
232 192
5362 193
5474 193
5682 193
5863 193
5956 193
197 194
697 194
1156 194
2229 194
3047 194
3123 194
3224 194
3784 194
3951 194
4373 194
4691 194
4869 194
4991 194
5643 194
227 195
5872 195
387 196
701 196
3229 196
3435 196
3861 196
5994 197
6058 197
6068 197
210 198
298 198
557 198
831 198
1554 198
1770 198
2272 198
2774 198
2778 198
2796 198
2826 198
2936 198
3024 198
4119 198
4304 198
4469 198
5437 198
5853 198
5994 198
6030 198
262 199
325 199
436 199
460 199
808 199
831 199
1103 199
1696 199
1985 199
1986 199
2090 199
2470 199
2478 199
2534 199
2744 199
3340 199
3588 199
3758 199
4455 199
4695 199
4839 199
5053 199
5528 199
5676 199
5688 199
5870 199
1333 200
1428 200
1510 200
1532 200
1657 200
1868 200
2350 200
2689 200
2757 200
2790 200
3092 200
3249 200
3565 200
3674 200
4240 200
4468 200
5066 200
5104 200
5608 200
5858 200
5909 200
340 201
956 201
1725 201
2526 201
2934 201
5214 201
5779 201
391 202
511 202
634 202
876 202
884 202
933 202
1063 202
1201 202
1330 202
1638 202
1656 202
2138 202
3315 202
3497 202
3594 202
3627 202
4343 202
4490 202
4857 202
4911 202
4986 202
5175 202
5918 202
321 203
329 203
426 203
616 203
1713 203
1810 203
966 204
1138 204
1269 204
1453 204
1552 204
2397 204
3270 204
3327 204
4645 204
286 205
324 205
347 205
349 205
358 205
449 205
1992 205
4853 205
5128 205
268 206
282 206
369 206
723 206
877 206
1406 206
1513 206
2028 206
2912 206
3134 206
3274 206
3285 206
3448 206
3604 206
3841 206
4001 206
4381 206
5013 206
5236 206
5568 206
5765 206
5879 206
335 207
545 207
1049 207
1928 207
2300 207
2499 207
2826 207
2875 207
2896 207
3121 207
3213 207
3214 207
3836 207
3853 207
3991 207
4803 207
5621 207
5787 207
6012 207
3159 208
3171 208
3290 208
3586 208
3630 208
3653 208
3666 208
3719 208
3728 208
3810 208
4031 208
4104 208
4210 208
4226 208
4372 208
4467 208
4521 208
4556 208
4604 208
4638 208
4715 208
4815 208
4850 208
4863 208
4916 208
5032 208
5069 208
5092 208
5215 208
5370 208
5447 208
5492 208
5584 208
5597 208
5621 208
5814 208
5817 208
5868 208
5890 208
431 209
561 209
598 209
881 209
934 209
1120 209
1131 209
1218 209
1346 209
1444 209
1521 209
1727 209
1812 209
1889 209
2239 209
2531 209
2829 209
2981 209
2994 209
3017 209
3138 209
3334 209
3424 209
3495 209
4123 209
4243 209
4259 209
4755 209
4865 209
5000 209
5064 209
5659 209
5759 209
298 210
451 210
485 210
517 210
557 210
798 210
868 210
1371 210
1770 210
2257 210
2533 210
2707 210
2935 210
3454 210
3500 210
3513 210
3636 210
3721 210
4200 210
4304 210
4374 210
4527 210
4652 210
4711 210
4936 210
4951 210
5023 210
5156 210
5177 210
5734 210
6044 210
246 211
259 211
276 211
1752 211
2280 211
2393 211
3102 211
3266 211
3314 211
3639 211
3879 211
4211 211
4969 211
366 212
384 212
414 212
456 212
460 212
1127 212
1251 212
1928 212
2306 212
2355 212
2472 212
2481 212
3137 212
3147 212
3777 212
3796 212
4048 212
4260 212
5049 212
5463 212
5683 212
5991 212
5998 212
6068 212
6085 212
229 213
253 213
689 213
1000 213
3485 213
5120 213
5306 213
5315 213
1249 214
246 215
282 215
322 215
546 215
702 215
894 215
984 215
1212 215
1276 215
1300 215
1316 215
1404 215
1684 215
1695 215
2252 215
2632 215
2666 215
2667 215
2773 215
2847 215
2923 215
3384 215
3551 215
3836 215
3952 215
4198 215
4587 215
4924 215
4940 215
5932 215
5944 215
5945 215
6048 215
390 217
396 217
1206 217
1279 217
2088 217
2711 217
3246 217
3417 217
4122 217
4127 217
4675 217
4959 217
5929 217
236 218
1483 218
1856 218
2238 218
2742 218
3039 218
3040 218
3634 218
4402 218
4853 218
5157 218
5160 218
5428 218
5470 218
5723 218
2414 219
2807 219
4316 219
343 220
352 220
449 220
729 220
2332 220
2347 220
2835 220
3008 220
3090 220
3698 220
3800 220
3815 220
3923 220
4121 220
4227 220
4853 220
4970 220
5381 220
6095 220
1814 221
293 222
1066 222
1653 222
2920 222
3662 222
6013 222
261 223
262 223
269 223
325 223
327 223
370 223
386 223
460 223
477 223
479 223
617 223
1281 223
1375 223
1377 223
1528 223
1689 223
1897 223
1986 223
2007 223
2478 223
2836 223
2871 223
2959 223
2991 223
3340 223
3356 223
3431 223
3443 223
3664 223
3754 223
3758 223
3882 223
3938 223
4239 223
4423 223
4563 223
4670 223
4695 223
4709 223
4786 223
4875 223
4982 223
5486 223
5682 223
5695 223
282 224
386 224
1043 224
1284 224
2055 224
2077 224
2301 224
2728 224
2919 224
4000 224
4214 224
4483 224
4732 224
5516 224
5714 224
5951 225
2253 226
3034 226
3113 226
3229 226
3455 226
5673 226
1734 227
2427 227
3059 227
3468 227
5693 227
266 228
230 229
253 229
390 229
437 229
441 229
562 229
570 229
689 229
733 229
774 229
922 229
1000 229
1136 229
1154 229
1157 229
1463 229
1944 229
2674 229
2693 229
2701 229
2897 229
2936 229
3280 229
3406 229
3846 229
4011 229
4036 229
4038 229
4039 229
4134 229
4140 229
5120 229
5157 229
5300 229
5304 229
5306 229
5315 229
5333 229
5350 229
5586 229
5638 229
6047 229
342 231
440 231
465 231
484 231
529 231
776 231
858 231
888 231
1047 231
1234 231
1361 231
1643 231
1942 231
2082 231
2089 231
2112 231
2279 231
2331 231
2484 231
2490 231
2662 231
2716 231
2956 231
2969 231
3483 231
3547 231
3716 231
3956 231
4380 231
4719 231
4837 231
4994 231
5054 231
5198 231
5414 231
5518 231
5569 231
5720 231
5892 231
6078 231
6099 231
394 232
899 232
3148 232
3186 232
4694 232
5036 232
5802 232
328 233
448 233
588 233
626 233
1004 233
1339 233
1746 233
2361 233
2381 233
2518 233
2698 233
3014 233
3055 233
3567 233
3655 233
3844 233
3978 233
4163 233
4242 233
4962 233
5982 233
298 234
342 234
639 234
878 234
1134 234
1184 234
1187 234
1387 234
1984 234
2721 234
2968 234
3567 234
4546 234
4742 234
4792 234
4795 234
4873 234
4910 234
571 235
688 235
717 235
1005 235
3646 235
4252 235
5445 235
5652 235
5785 235
432 236
590 236
792 236
852 236
1154 236
1427 236
1506 236
1627 236
1677 236
1856 236
2337 236
2702 236
2742 236
2872 236
3106 236
3127 236
3790 236
3791 236
3864 236
4402 236
4413 236
5296 236
5298 236
5302 236
5350 236
5425 236
5572 236
351 237
1352 237
3292 237
5272 237
5710 237
6052 237
431 238
1012 238
1181 238
2720 238
3701 238
3793 238
4133 238
5690 238
5769 238
332 239
363 239
712 239
984 239
1310 239
1351 239
1841 239
2074 239
2119 239
2234 239
2298 239
2332 239
2356 239
2373 239
3623 239
3747 239
4049 239
4391 239
4894 239
4895 239
5295 239
5661 239
5798 239
5954 239
365 240
1036 240
5062 240
255 242
279 242
302 242
364 242
443 242
456 242
1094 242
1591 242
1689 242
1740 242
1822 242
1831 242
2949 242
3076 242
3757 242
4076 242
4224 242
4383 242
4390 242
4504 242
4805 242
6056 242
6070 242
343 243
382 243
388 243
1154 243
1856 243
2245 243
2396 243
2808 243
3405 243
3704 243
3876 243
5033 243
5424 243
5481 243
5588 243
6023 243
299 244
317 244
370 244
432 244
466 244
795 244
1044 244
1057 244
1218 244
1227 244
1258 244
1580 244
1801 244
1913 244
2010 244
2078 244
2161 244
2737 244
2901 244
3374 244
3457 244
3989 244
4197 244
4337 244
4489 244
4516 244
4641 244
4799 244
5490 244
5737 244
5876 244
6029 244
246 245
276 245
307 245
527 245
577 245
895 245
1422 245
1425 245
1634 245
1821 245
2300 245
2591 245
2845 245
3001 245
3317 245
3399 245
3947 245
4187 245
4284 245
4366 245
4581 245
4899 245
4976 245
5222 245
5362 245
5821 245
5823 245
5898 245
5960 245
5961 245
5869 246
329 247
392 247
1341 247
1420 247
1760 247
3317 247
4297 247
4680 247
5275 247
317 248
282 249
364 249
1094 249
1885 249
1940 249
2463 249
2694 249
3150 249
4265 249
5188 249
5884 249
285 250
1646 250
1700 250
3320 250
3349 250
3799 250
4319 250
4719 250
5556 250
302 251
329 251
364 251
399 251
404 251
1189 251
1318 251
2565 251
3776 251
4308 251
5117 251
5306 251
5772 251
324 252
329 252
357 252
364 252
383 252
412 252
422 252
443 252
833 252
834 252
1388 252
1468 252
1935 252
1979 252
1998 252
2265 252
2362 252
2458 252
2704 252
2845 252
2877 252
3553 252
3596 252
3917 252
3934 252
4010 252
4125 252
4184 252
4282 252
4370 252
4397 252
4503 252
4504 252
4945 252
4966 252
5189 252
5270 252
5503 252
5511 252
5880 252
551 253
716 253
2410 253
3124 253
3507 253
4443 253
4681 253
5423 253
6037 253
6090 253
307 254
409 254
488 254
874 254
1246 254
1518 254
2231 254
2256 254
3061 254
3097 254
3606 254
3786 254
4209 254
4342 254
4699 254
4932 254
5168 254
5256 254
5862 254
282 255
300 255
314 255
329 255
350 255
364 255
376 255
456 255
460 255
479 255
526 255
663 255
692 255
1003 255
1026 255
1094 255
1104 255
2163 255
2169 255
2658 255
2904 255
3141 255
3692 255
3780 255
3848 255
4458 255
4748 255
4890 255
5111 255
5178 255
5219 255
5320 255
5341 255
5498 255
5742 255
5874 255
5905 255
6068 255
420 256
457 256
4317 256
334 257
552 257
840 257
973 257
1173 257
1275 257
1301 257
1308 257
1364 257
1397 257
1697 257
1830 257
1939 257
1947 257
2013 257
2270 257
2638 257
2688 257
2766 257
2982 257
3018 257
3056 257
3387 257
3418 257
3552 257
4142 257
4143 257
4158 257
4189 257
4219 257
4578 257
4681 257
4721 257
5050 257
5191 257
5266 257
5739 257
5793 257
5794 257
5989 257
6059 257
269 258
460 258
994 258
1067 258
1104 258
1490 258
1581 258
1848 258
2489 258
2739 258
3028 258
3529 258
3580 258
3942 258
4433 258
5131 258
5197 258
5216 258
5900 258
5260 259
437 260
620 260
781 260
1034 260
2303 260
2497 260
2914 260
3328 260
4203 260
4701 260
4807 260
5105 260
5237 260
5290 260
5584 260
262 261
269 261
325 261
394 261
479 261
1534 261
2959 261
3126 261
3754 261
4324 261
4534 261
5545 261
5695 261
269 262
325 262
479 262
1534 262
2517 262
2577 262
2798 262
2959 262
3126 262
3754 262
3967 262
4695 262
4839 262
5422 262
5545 262
5695 262
6088 262
293 263
373 263
786 263
839 263
981 263
1111 263
1220 263
1497 263
1610 263
1714 263
1929 263
1971 263
1983 263
2144 263
2199 263
2434 263
2489 263
2825 263
2928 263
3341 263
3822 263
3837 263
4152 263
4164 263
4217 263
4359 263
4594 263
4623 263
4980 263
5169 263
5329 263
5340 263
5562 263
5564 263
5568 263
6026 263
6057 263
343 264
397 264
585 264
970 264
4041 264
275 265
277 265
476 265
1268 265
1277 265
1834 265
2332 265
2775 265
3422 265
3521 265
4971 265
5450 265
5747 265
5930 265
5962 265
6050 265
1658 266
3264 266
3757 266
3852 266
573 267
680 267
1009 267
1039 267
1273 267
1321 267
1377 267
1637 267
1661 267
1696 267
1981 267
1986 267
2011 267
2022 267
2125 267
2212 267
2417 267
2428 267
2442 267
2478 267
2705 267
2714 267
2734 267
3036 267
3199 267
3218 267
3597 267
3668 267
3726 267
3743 267
3758 267
3883 267
4216 267
4239 267
4255 267
4263 267
4277 267
4647 267
4946 267
4958 267
5135 267
5249 267
5402 267
5507 267
5601 267
5674 267
5682 267
5863 267
337 268
364 268
907 268
1689 268
1905 268
2559 268
2570 268
3285 268
3767 268
4370 268
4765 268
4989 268
5403 268
5409 268
5635 268
5937 268
6002 268
314 269
325 269
364 269
386 269
460 269
479 269
757 269
1461 269
2959 269
2991 269
2998 269
3340 269
3580 269
3754 269
3942 269
4351 269
4670 269
4695 269
4860 269
4982 269
5324 269
5695 269
674 270
809 270
1781 270
3042 270
3075 270
3649 270
4031 270
4938 270
5865 270
3856 271
5227 271
1127 273
4021 273
5630 273
674 274
1197 274
1874 274
1946 274
2106 274
2385 274
2423 274
2632 274
2666 274
3343 274
3386 274
3907 274
4186 274
4318 274
4945 274
5093 274
5115 274
277 275
393 275
436 275
476 275
856 275
1829 275
2875 275
2917 275
3157 275
3745 275
5422 275
5676 275
5802 275
6063 275
6088 275
4976 276
5364 276
5594 276
5790 276
5821 276
6093 276
296 277
394 277
476 277
1829 277
2263 277
3126 277
3216 277
5422 277
5841 277
6050 277
6063 277
314 278
420 278
1449 278
2048 278
2266 278
2463 278
2552 278
3697 278
3872 278
4311 278
869 279
1591 279
1754 279
1833 279
2764 279
2832 279
2860 279
3041 279
3506 279
3571 279
3599 279
4526 279
4535 279
4572 279
4841 279
5059 279
5163 279
5443 279
5640 279
5791 279
6031 279
4213 280
4304 280
4372 280
4373 280
4401 280
4475 280
4702 280
4775 280
4830 280
4834 280
4974 280
4976 280
5019 280
5360 280
5503 280
5558 280
5600 280
5648 280
5782 280
5821 280
5868 280
5961 280
5971 280
6072 280
6082 280
468 281
508 281
670 281
779 281
949 281
974 281
1808 281
2160 281
2540 281
2965 281
3243 281
3813 281
4735 281
4868 281
5073 281
5560 281
5671 281
5839 281
5974 281
331 282
350 282
364 282
404 282
422 282
1388 282
1689 282
2001 282
2308 282
2463 282
2746 282
2887 282
3046 282
3095 282
4290 282
4662 282
4821 282
5325 282
5328 282
5405 282
5533 282
5635 282
5820 282
1054 283
1327 283
1447 283
3461 283
3526 283
3564 283
3962 283
4590 283
4907 283
5825 283
5857 283
404 284
504 284
633 284
847 284
848 284
1166 284
1875 284
1943 284
2016 284
2153 284
2326 284
2750 284
2863 284
3144 284
3310 284
3361 284
3608 284
3852 284
3896 284
4359 284
4538 284
4624 284
4657 284
4978 284
5153 284
5175 284
5906 284
442 285
803 285
939 285
1118 285
1235 285
1391 285
2379 285
3289 285
3311 285
3370 285
4319 285
4872 285
5560 285
343 286
382 286
449 286
1992 286
3245 286
329 287
422 287
473 287
614 287
684 287
757 287
921 287
922 287
1024 287
1217 287
1462 287
1843 287
3183 287
3652 287
3675 287
3755 287
4009 287
5098 287
5307 287
5363 287
5466 287
6032 287
404 288
775 288
786 288
2259 288
2424 288
2426 288
2627 288
2916 288
3059 288
3757 288
3965 288
4150 288
4291 288
4512 288
4628 288
394 289
436 289
451 289
2683 289
699 290
727 290
758 290
1198 290
1247 290
1462 290
1512 290
1614 290
1683 290
1957 290
2683 290
2881 290
3167 290
3607 290
3614 290
3619 290
3671 290
3693 290
4042 290
4043 290
4190 290
4726 290
5173 290
5368 290
5400 290
5590 290
5591 290
5634 290
351 291
454 291
800 291
1784 291
2768 291
3527 291
4024 291
5326 291
5549 291
6021 291
382 292
493 292
645 292
1881 292
1959 292
3195 292
3321 292
3338 292
3918 292
3977 292
4058 292
4551 292
4967 292
5346 292
346 293
429 293
461 293
920 293
943 293
968 293
981 293
1055 293
1075 293
1164 293
1242 293
1249 293
1577 293
1662 293
1726 293
1849 293
2069 293
2247 293
2468 293
2852 293
3201 293
3503 293
3582 293
3703 293
3811 293
3887 293
4055 293
4752 293
4798 293
5012 293
5152 293
5193 293
5263 293
5288 293
5532 293
5641 293
5845 293
418 294
2504 294
2514 294
3181 294
4853 294
610 295
1142 295
1472 295
1660 295
2141 295
2239 295
3030 295
3039 295
3906 295
4530 295
4800 295
5006 295
5100 295
5468 295
441 296
2258 296
2447 296
2606 296
2795 296
4307 296
4950 296
5871 296
324 297
358 297
447 297
497 297
802 297
887 297
979 297
987 297
1022 297
1282 297
1401 297
1436 297
1527 297
1569 297
1624 297
1636 297
1757 297
2223 297
2970 297
3048 297
3421 297
3683 297
4098 297
4313 297
4334 297
4377 297
4582 297
4672 297
4757 297
4770 297
4935 297
5042 297
5094 297
5165 297
5172 297
5287 297
5573 297
5603 297
5679 297
5776 297
324 298
360 298
363 298
414 298
451 298
485 298
557 298
798 298
853 298
1085 298
1095 298
1184 298
1617 298
1715 298
1743 298
2001 298
2076 298
2630 298
2709 298
2760 298
2788 298
3373 298
3396 298
3458 298
3517 298
3559 298
3636 298
3725 298
3831 298
3968 298
3970 298
4304 298
4343 298
4354 298
4408 298
4591 298
4652 298
4692 298
4873 298
4927 298
4941 298
5025 298
5167 298
5440 298
5713 298
5718 298
5922 298
6044 298
306 299
309 299
385 299
403 299
420 299
441 299
454 299
457 299
1032 299
1591 299
2191 299
2726 299
2901 299
2924 299
3318 299
4337 299
5515 299
5836 299
5902 299
4152 301
351 302
384 302
391 302
404 302
443 302
1492 302
2355 302
2532 302
3376 302
4309 302
4339 302
4359 302
5708 302
5782 302
5907 302
1990 303
3492 303
3637 303
3708 303
3930 303
4760 303
351 304
698 304
1170 304
1836 304
4231 304
5073 304
369 305
422 305
431 305
1240 305
1440 305
1632 305
1767 305
2254 305
3329 305
5003 305
5381 305
6025 305
309 306
348 306
441 306
584 306
825 306
831 306
1489 306
2190 306
3217 306
3785 306
3983 306
4337 306
5090 306
5182 306
5379 306
409 307
488 307
527 307
576 307
755 307
946 307
994 307
1097 307
1635 307
1747 307
1800 307
1807 307
1903 307
1963 307
1973 307
2185 307
2196 307
2646 307
2670 307
2695 307
2696 307
2911 307
2984 307
3093 307
3192 307
3319 307
3528 307
3609 307
3622 307
4028 307
4193 307
4234 307
4322 307
4453 307
4626 307
4663 307
4976 307
5085 307
5369 307
5451 307
5724 307
5823 307
5896 307
5950 307
400 308
579 308
796 308
1055 308
1081 308
1197 308
1412 308
2400 308
3370 308
3491 308
3927 308
4177 308
5001 308
5631 308
5895 308
865 309
1185 309
1218 309
3224 309
3505 309
3569 309
3570 309
3817 309
3910 309
3955 309
4337 309
4529 309
5806 309
5935 309
6024 309
4650 310
4738 310
4787 310
5167 310
5571 310
5579 310
5683 310
5797 310
5978 310
6066 310
6067 310
312 311
408 311
729 311
1369 311
1959 311
2321 311
2446 311
3004 311
3180 311
3592 311
3857 311
3869 311
4418 311
4609 311
4634 311
4750 311
5001 311
5148 311
408 312
729 312
1941 312
2321 312
4425 312
4750 312
4788 312
374 313
382 313
450 313
2394 313
2773 313
2999 313
3990 313
337 314
364 314
368 314
376 314
386 314
460 314
464 314
513 314
578 314
728 314
734 314
1026 314
1094 314
1176 314
1491 314
2050 314
2293 314
2336 314
2552 314
2679 314
2767 314
3123 314
3141 314
3155 314
3163 314
3529 314
3697 314
3944 314
4012 314
4068 314
4144 314
4208 314
4311 314
4365 314
4370 314
4373 314
4458 314
4696 314
4991 314
5111 314
5339 314
5409 314
5509 314
5537 314
5615 314
5635 314
6068 314
6100 314
3480 315
4002 315
4278 315
4486 315
4794 315
356 316
1037 316
1405 316
1952 316
2398 316
2567 316
2780 316
3281 316
3409 316
4287 316
334 317
354 317
359 317
371 317
402 317
407 317
718 317
815 317
841 317
1191 317
1241 317
1862 317
1925 317
2054 317
2060 317
2143 317
2152 317
2219 317
2294 317
2604 317
2791 317
2975 317
3065 317
3081 317
3352 317
3505 317
3629 317
4023 317
4169 317
4321 317
4360 317
4470 317
4556 317
4822 317
4851 317
4939 317
4945 317
5052 317
5515 317
5773 317
5869 317
5883 317
5947 317
672 318
1065 318
1145 318
1345 318
1536 318
1620 318
1955 318
2690 318
2780 318
2956 318
3226 318
3734 318
3765 318
4073 318
4576 318
4700 318
5134 318
5357 318
5662 318
343 319
382 319
388 319
438 319
449 319
731 319
911 319
1562 319
1564 319
2120 319
3203 319
3256 319
3337 319
3690 319
3813 319
4570 319
1736 320
1748 320
1894 320
1995 320
2537 320
2558 320
2730 320
3886 320
4340 320
5575 320
5726 320
6094 320
426 321
2021 321
702 322
828 322
870 322
901 322
1011 322
1013 322
1312 322
1903 322
2092 322
2261 322
2485 322
3783 322
3802 322
3925 322
4081 322
4178 322
4929 322
5753 322
6049 324
339 325
394 325
436 325
706 325
831 325
1103 325
1499 325
1531 325
1792 325
1986 325
2517 325
2534 325
2573 325
2785 325
2798 325
2875 325
3340 325
3745 325
3967 325
4067 325
4670 325
4695 325
4839 325
5131 325
5422 325
5676 325
6088 325
2727 326
3455 326
348 327
386 327
460 327
489 327
818 327
1850 327
1870 327
3565 327
3909 327
4031 327
4812 327
5406 327
461 328
3589 328
3996 328
4347 328
5278 329
5361 329
5403 329
5456 329
5461 329
5783 329
5789 329
5880 329
5963 329
350 330
438 330
439 330
953 330
1514 330
1571 330
2218 330
2240 330
2691 330
2874 330
2886 330
2904 330
3005 330
3130 330
3347 330
3539 330
3542 330
3746 330
3995 330
4370 330
4769 330
5297 330
5299 330
5312 330
5316 330
422 331
1146 331
1388 331
2887 331
4391 331
4662 331
363 332
394 332
712 332
1309 332
1336 332
2374 332
3038 332
3519 332
3747 332
4411 332
4474 332
5062 332
5125 332
1494 333
2184 333
386 334
505 334
584 334
1165 334
1621 334
1704 334
1987 334
2296 334
2708 334
3239 334
3271 334
3499 334
3679 334
3868 334
4078 334
4264 334
4286 334
5493 334
5605 334
1323 335
1377 335
1848 335
2257 335
2260 335
2717 335
2964 335
3125 335
3200 335
3213 335
3214 335
3873 335
4035 335
4715 335
5185 335
5273 335
5364 335
5380 335
5411 335
343 336
3146 336
364 337
366 337
428 337
483 337
861 337
1394 337
1539 337
1546 337
2244 337
2438 337
2560 337
3333 337
3348 337
3430 337
3694 337
3784 337
4105 337
4583 337
5579 337
5677 337
5933 337
5977 337
5978 337
6066 337
407 338
454 338
1062 338
1140 338
1153 338
1529 338
1538 338
1774 338
1916 338
1990 338
2512 338
2731 338
2771 338
2883 338
3295 338
3420 338
3810 338
5237 338
5663 338
5933 338
6004 338
6074 338
477 339
706 339
831 339
1329 339
3340 339
3443 339
4870 339
406 340
844 340
893 340
1206 340
1392 340
1400 340
1403 340
1442 340
3246 340
3484 340
3680 340
3752 340
3753 340
4053 340
4664 340
5179 340
5203 340
5418 340
5432 340
5521 340
5775 340
5780 340
5984 340
401 341
422 341
460 341
524 341
757 341
793 341
1214 341
1291 341
1395 341
1542 341
1724 341
2221 341
2314 341
2511 341
2922 341
3326 341
3350 341
3917 341
4635 341
4651 341
4697 341
4874 341
4926 341
4998 341
5086 341
5122 341
5250 341
5279 341
5462 341
5783 341
5789 341
5803 341
5963 341
6016 341
407 342
660 342
885 342
967 342
992 342
4693 342
5161 342
5392 342
5810 342
5811 342
371 343
379 343
382 343
389 343
397 343
400 343
423 343
427 343
431 343
449 343
468 343
475 343
519 343
563 343
731 343
812 343
854 343
1071 343
1152 343
1313 343
1450 343
1455 343
1477 343
1493 343
1496 343
1573 343
1612 343
1930 343
1964 343
2233 343
2241 343
2655 343
2985 343
3084 343
3235 343
3245 343
3330 343
3429 343
3987 343
4273 343
4577 343
4671 343
4902 343
5068 343
5113 343
5280 343
5499 343
759 345
1933 345
2543 345
2878 345
3107 345
4705 345
4806 345
5623 345
364 346
530 346
690 346
1015 346
1033 346
1132 346
1599 346
1819 346
2653 346
2818 346
3116 346
3131 346
3204 346
3427 346
3617 346
3703 346
3775 346
3915 346
3981 346
4208 346
4253 346
4258 346
4459 346
5013 346
5061 346
5286 346
5365 346
5416 346
5431 346
5517 346
5620 346
5641 346
5754 346
5804 346
6010 346
6084 346
358 347
485 348
584 348
1639 348
1715 348
1976 348
2103 348
2104 348
2274 348
2809 348
3000 348
3544 348
3684 348
3712 348
3794 348
3884 348
4481 348
4575 348
4868 348
4918 348
5162 348
5254 348
5683 348
411 349
431 349
475 349
972 349
1180 349
3763 349
3998 349
5244 349
5396 349
5397 349
5796 349
5839 349
364 350
443 350
460 350
1029 350
1770 350
2218 350
2814 350
3401 350
3530 350
4913 350
5782 350
5994 350
6072 350
652 351
875 351
909 351
2432 351
2532 351
3010 351
4020 351
4862 351
5831 351
408 352
432 352
452 352
729 352
2665 352
3988 352
4739 352
5145 352
5148 352
5268 352
5639 352
412 353
413 353
420 353
507 353
927 353
1507 353
2124 353
3179 353
3973 353
4424 353
4442 353
4447 353
4448 353
4465 353
4467 353
4984 353
5618 353
407 354
3773 354
4415 354
5375 354
5580 354
5584 354
386 355
424 355
1434 355
2659 355
3727 355
4124 355
5625 355
5926 355
357 356
420 356
435 356
442 356
444 356
457 356
462 356
473 356
562 356
636 356
730 356
1102 356
2358 356
2363 356
2399 356
2538 356
2738 356
3209 356
3439 356
3540 356
3766 356
4138 356
4352 356
4371 356
4476 356
4506 356
5269 356
5313 356
5314 356
5336 356
5399 356
6034 356
6077 356
679 357
782 357
1167 357
1264 357
1468 357
1469 357
1935 357
2503 357
2598 357
2603 357
3423 357
3596 357
3905 357
4212 357
4608 357
5511 357
5835 357
5924 357
479 358
1338 358
1468 358
1469 358
1487 358
1906 358
1917 358
1935 358
3033 358
3143 358
3221 358
3596 358
4175 358
4356 358
4492 358
4503 358
4615 358
4935 358
5433 358
5511 358
6028 358
2093 359
2499 359
3642 359
3710 359
3946 359
4338 359
4359 359
4539 359
4584 359
4825 359
5983 359
363 360
432 360
442 360
485 360
838 360
853 360
1033 360
1034 360
1178 360
1407 360
1589 360
1779 360
1879 360
1922 360
2062 360
2333 360
2709 360
2898 360
3039 360
3738 360
3792 360
5167 360
5849 360
5922 360
468 362
963 362
1002 362
2003 362
2030 362
2182 362
394 363
485 363
853 363
1186 363
1197 363
1238 363
1472 363
1958 363
2001 363
2083 363
2233 363
2374 363
2400 363
2760 363
3038 363
3574 363
3747 363
3874 363
4333 363
4411 363
4474 363
4557 363
4643 363
5687 363
5503 364
5509 364
5620 364
5635 364
5907 364
5937 364
6002 364
6068 364
448 365
540 365
742 365
1445 365
1816 365
2402 365
2465 365
2749 365
2799 365
2803 365
2868 365
3044 365
3201 365
3247 365
3558 365
3939 365
3981 365
4079 365
4113 365
4254 365
4513 365
4873 365
4944 365
5035 365
5851 365
6087 365
414 366
428 366
894 366
1229 366
1231 366
1251 366
1394 366
1503 366
1508 366
1546 366
1560 366
1666 366
1966 366
2006 366
2057 366
2128 366
2255 366
2281 366
2293 366
2325 366
2392 366
2422 366
2438 366
2481 366
2560 366
2635 366
2830 366
3121 366
3147 366
3430 366
3694 366
3707 366
3784 366
4372 366
4481 366
4554 366
4787 366
4912 366
5116 366
5579 366
5683 366
6085 366
982 367
1460 367
3820 367
5727 367
5810 367
6096 367
584 368
743 368
772 368
1711 368
1863 368
2217 368
2481 368
3141 368
3631 368
3730 368
4323 368
4575 368
413 369
422 369
431 369
466 369
1135 369
2211 369
3068 369
3152 369
3225 369
3303 369
3670 369
4365 369
4673 369
5635 369
5800 369
386 370
393 370
460 370
566 370
660 370
2053 370
2079 370
2101 370
2733 370
2748 370
3392 370
3457 370
3502 370
3736 370
4182 370
4310 370
4641 370
4771 370
4936 370
5100 370
5217 370
3720 371
3761 371
3835 371
3851 371
4325 371
4332 371
4416 371
4440 371
4498 371
4578 371
4622 371
4686 371
5026 371
5037 371
5143 371
5226 371
5239 371
5338 371
5372 371
5429 371
5513 371
5553 371
5604 371
5958 371
447 372
1139 372
1511 372
2612 372
4334 372
4434 372
4586 372
4656 372
5728 372
404 373
741 373
863 373
910 373
1328 373
1402 373
2825 373
3014 373
3811 373
4369 373
4376 373
4479 373
4603 373
4664 373
5169 373
5170 373
5592 373
5654 373
5738 373
6033 373
382 374
388 374
431 374
443 374
447 374
449 374
452 374
460 374
941 374
1148 374
2340 374
2370 374
2412 374
3204 374
3346 374
3699 374
4510 374
5310 374
5438 374
5505 374
5531 374
4031 375
4988 375
1199 376
1478 376
1645 376
1893 376
2406 376
2519 376
2783 376
4094 376
4241 376
4676 376
4782 376
5219 376
5711 376
6035 376
6053 376
417 377
468 377
962 377
1765 377
1979 377
2811 377
2953 377
4387 377
5543 377
581 378
731 378
4654 379
4663 379
4667 379
4834 379
4902 379
4933 379
4935 379
5146 379
5174 379
5219 379
5251 379
5790 379
5821 379
5897 379
6007 379
6017 379
6061 379
6093 379
4355 380
4382 380
4677 380
4826 380
4996 380
5087 380
5285 380
5356 380
5912 380
5976 380
388 381
452 381
453 381
623 381
836 381
837 381
857 381
866 381
1030 381
1155 381
1252 381
1630 381
1668 381
1669 381
1817 381
1967 381
2453 381
2460 381
2476 381
2572 381
2653 381
2905 381
3115 381
3149 381
3255 381
3308 381
3441 381
3605 381
3709 381
3772 381
3827 381
3987 381
4015 381
4016 381
4171 381
4330 381
4340 381
4855 381
5061 381
5235 381
5359 381
5442 381
6085 381
6089 381
412 382
420 382
427 382
443 382
1178 382
1516 382
1761 382
2704 382
4551 382
443 383
385 384
391 384
414 384
422 384
950 384
1024 384
1680 384
1689 384
2149 384
2679 384
2846 384
3059 384
3174 384
3572 384
4331 384
4339 384
4737 384
4747 384
5228 384
5637 384
5700 384
5744 384
5882 384
5907 384
6068 384
422 385
958 385
2344 385
2754 385
3011 385
3345 385
5228 385
5796 385
393 386
412 386
420 386
424 386
460 386
479 386
826 386
1177 386
1203 386
1367 386
1461 386
1848 386
2311 386
2353 386
2411 386
2991 386
3271 386
3340 386
3380 386
3431 386
3656 386
3788 386
4831 386
4936 386
4982 386
5100 386
5411 386
651 387
958 387
1908 387
2938 387
3196 387
3236 387
5028 387
5504 387
5885 388
5923 388
6018 388
6022 388
1223 389
2181 389
2403 389
5864 389
396 390
406 390
1122 390
2251 390
2302 390
2679 390
2909 390
3089 390
3827 390
4053 390
4361 390
4473 390
4828 390
4848 390
5938 390
894 391
1119 391
1179 391
1221 391
1256 391
1774 391
2091 391
2635 391
2787 391
2932 391
3020 391
3140 391
3647 391
4585 391
4630 391
5194 391
5907 391
662 392
691 392
1806 392
2841 392
2946 392
2996 392
3633 392
3982 392
4417 392
4463 392
5146 392
5653 392
6093 392
1174 393
1572 393
1950 393
2198 393
2875 393
3157 393
3340 393
5611 393
436 394
451 394
482 394
831 394
1446 394
1580 394
1773 394
1829 394
2510 394
2517 394
2988 394
3139 394
3613 394
3636 394
3747 394
3804 394
3929 394
3949 394
4082 394
4695 394
4861 394
5070 394
5223 394
5479 394
5730 394
5802 394
6045 394
722 395
1385 395
4612 395
817 396
1122 396
1525 396
2043 396
2088 396
3191 396
3484 396
3659 396
4293 396
5308 396
5686 396
431 397
475 397
970 397
1383 397
1589 397
1736 397
1737 397
2209 397
2616 397
2661 397
3231 397
3311 397
3312 397
3413 397
3724 397
3833 397
3839 397
4041 397
4155 397
4972 397
5496 397
5578 397
5934 397
1350 398
1423 398
2072 398
2341 398
2641 398
3958 398
3992 398
4057 398
5218 398
5378 398
441 399
479 399
807 399
983 399
1197 399
1419 399
1785 399
1898 399
1996 399
2167 399
2516 399
2874 399
2904 399
3279 399
3530 399
3542 399
3798 399
3816 399
4029 399
4495 399
4913 399
5303 399
5536 399
5774 399
5824 399
5887 399
579 400
669 400
700 400
915 400
1080 400
1183 400
1237 400
1386 400
1474 400
1526 400
1678 400
1776 400
1965 400
2135 400
2156 400
2362 400
2644 400
3208 400
3313 400
3330 400
3529 400
3541 400
3787 400
3825 400
3895 400
4207 400
4394 400
4436 400
4577 400
4606 400
4914 400
5046 400
5113 400
5321 400
5480 400
5560 400
5705 400
5839 400
5852 400
5953 400
5992 400
6043 400
842 401
1380 401
1861 401
1945 401
2000 401
2105 401
2430 401
2455 401
3358 401
4973 401
5122 401
5722 401
406 402
534 402
542 402
661 402
1013 402
1654 402
1697 402
1702 402
1719 402
1855 402
1884 402
1925 402
2328 402
2405 402
2647 402
2963 402
3829 402
4179 402
4230 402
4485 402
4556 402
4590 402
4713 402
4851 402
4931 402
5002 402
5057 402
5212 402
5276 402
5383 402
5686 403
5947 403
6022 403
6074 403
4110 404
4235 404
4276 404
4305 404
4400 404
4507 404
4607 404
4627 404
4657 404
4706 404
4769 404
4797 404
4805 404
5097 404
5117 404
5130 404
5153 404
5164 404
5175 404
5199 404
5204 404
5208 404
5410 404
5436 404
5485 404
5512 404
5537 404
5599 404
5760 404
5765 404
5904 404
5906 404
6019 404
6026 404
6073 404
619 405
534 406
693 406
872 406
1113 406
1122 406
1239 406
1265 406
1325 406
1519 406
1654 406
1702 406
1710 406
1813 406
1853 406
1884 406
2051 406
2075 406
2381 406
2383 406
2477 406
2563 406
2766 406
2786 406
2978 406
3351 406
3663 406
3920 406
4195 406
4325 406
4525 406
4596 406
4598 406
4925 406
5372 406
5680 406
5780 406
5837 406
6027 406
6031 406
568 407
597 407
643 407
703 407
1005 407
1191 407
1216 407
1370 407
1458 407
1523 407
1585 407
1728 407
1797 407
1826 407
1867 407
1925 407
2152 407
2276 407
2290 407
2338 407
2450 407
3244 407
3372 407
3527 407
3770 407
3878 407
3914 407
3960 407
4112 407
4169 407
4470 407
4609 407
5072 407
5213 407
5375 407
5471 407
5607 407
5686 407
5957 407
427 408
452 408
729 408
1811 408
3238 408
3813 408
4013 408
4159 408
4750 408
5148 408
5560 408
5671 408
488 409
787 409
827 409
2231 409
2256 409
2649 409
3786 409
4209 409
4505 409
4965 409
5129 409
5232 409
5352 409
5771 409
5903 409
425 410
653 410
711 410
1158 410
1911 410
3362 410
3926 410
4014 410
4597 410
5925 410
431 411
1089 411
1524 411
1740 411
2574 411
2681 411
2713 411
3665 411
3890 411
4064 411
5053 411
5181 411
5248 411
5796 411
420 412
422 412
443 412
875 412
1689 412
2048 412
2280 412
2869 412
2904 412
4010 412
4550 412
5019 412
5408 412
635 413
672 413
1039 413
1443 413
1936 413
2124 413
2642 413
2966 413
3179 413
3626 413
3725 413
3973 413
4344 413
4467 413
4738 413
4745 413
4983 413
4984 413
5258 413
5579 413
5616 413
5618 413
460 414
638 414
791 414
993 414
1017 414
1069 414
1137 414
1928 414
2006 414
2255 414
2281 414
2336 414
2355 414
2724 414
3043 414
3265 414
3784 414
3831 414
4048 414
4196 414
4299 414
4524 414
4685 414
4902 414
5047 414
5644 414
5683 414
3049 415
3971 415
4054 415
5349 415
5729 415
1979 417
2359 417
3737 417
4272 417
4315 417
5901 417
2514 418
4853 418
1012 419
2562 419
428 420
431 420
442 420
443 420
457 420
481 420
490 420
816 420
1699 420
2666 420
2956 420
4109 420
978 421
2025 421
2037 421
2553 421
3051 421
3177 421
3402 421
3555 421
4820 421
5234 421
5809 421
431 422
443 422
450 422
456 422
471 422
479 422
483 422
485 422
606 422
816 422
845 422
985 422
1019 422
1125 422
1197 422
2233 422
2924 422
2979 422
3182 422
3447 422
3697 422
3795 422
3802 422
4097 422
4176 422
4282 422
4284 422
4290 422
4311 422
4394 422
4555 422
4561 422
4662 422
4915 422
4976 422
5154 422
5360 422
5867 422
5868 422
5877 422
559 424
565 424
1204 424
2594 424
3575 424
3727 424
5866 424
594 425
1429 425
5253 425
772 426
1258 426
2021 426
2049 426
2388 426
2895 426
3762 426
5300 426
452 427
719 427
1811 427
3899 427
4811 427
5453 427
5990 427
5683 428
5748 428
5750 428
5751 428
5966 428
5978 428
6066 428
459 429
1108 429
2524 429
2806 429
3589 429
3811 429
4419 429
4631 429
4774 429
5062 429
5497 429
5562 429
831 430
995 430
1897 430
2747 430
3197 430
3340 430
4310 430
4540 430
4796 430
5460 430
5970 430
432 431
442 431
514 431
842 431
1098 431
1181 431
1210 431
1218 431
1243 431
1613 431
1751 431
1798 431
1949 431
2188 431
2189 431
2324 431
2368 431
2372 431
2425 431
2530 431
2607 431
2850 431
2865 431
2910 431
3072 431
3355 431
3370 431
3478 431
3628 431
3839 431
3865 431
3925 431
4003 431
4031 431
4083 431
4192 431
4477 431
4588 431
4698 431
4761 431
4764 431
4777 431
4886 431
5071 431
5291 431
5370 431
5546 431
523 432
537 432
616 432
729 432
1086 432
1218 432
1414 432
1604 432
1820 432
1876 432
2145 432
2431 432
2540 432
2692 432
4026 432
4427 432
5038 432
5039 432
5040 432
5073 432
5257 432
5267 432
5280 432
5614 432
5717 432
5726 432
5741 432
5979 432
483 433
647 433
1101 433
1712 433
2001 433
2812 433
4403 433
5529 433
441 434
1303 434
3522 434
4040 434
438 435
457 435
2437 435
2853 435
4506 435
763 436
808 436
1499 436
1531 436
1986 436
2573 436
2710 436
3340 436
4304 436
4695 436
5080 436
5595 436
5676 436
5870 436
467 437
470 437
733 437
1257 437
1540 437
1567 437
1591 437
1784 437
1882 437
2041 437
2601 437
2972 437
3003 437
3652 437
3691 437
4321 437
4674 437
4879 437
5106 437
5526 437
5584 437
457 438
480 438
648 439
1176 439
1857 439
1953 439
2206 439
2235 439
2362 439
2377 439
3199 439
3357 439
3543 439
3554 439
3696 439
3924 439
4028 439
4052 439
4370 439
4702 439
4909 439
5011 439
5261 439
5361 439
5503 439
5629 439
457 440
1866 440
1867 440
2276 440
2488 440
2528 440
2855 440
2883 440
3956 440
4316 440
4536 440
4590 440
4779 440
4794 440
4822 440
4843 440
5344 440
5673 440
6099 440
460 441
485 441
535 441
763 441
1230 441
1582 441
1785 441
1968 441
2250 441
2258 441
2492 441
2795 441
3088 441
3901 441
4223 441
4329 441
4683 441
4909 441
5182 441
5293 441
5649 441
5725 441
457 442
536 442
942 442
976 442
1091 442
1625 442
1771 442
2131 442
2333 442
2726 442
2873 442
3204 442
3908 442
3969 442
4636 442
4703 442
4728 442
5311 442
5828 442
456 443
460 443
1128 443
1395 443
1480 443
1979 443
1997 443
2045 443
2107 443
2314 443
2362 443
2545 443
2704 443
2820 443
2841 443
2845 443
2869 443
2877 443
2904 443
3317 443
3553 443
3554 443
3982 443
4027 443
4052 443
4184 443
4187 443
4213 443
4253 443
4282 443
4284 443
4297 443
4365 443
4370 443
4409 443
4472 443
4727 443
4818 443
5189 443
5264 443
5270 443
5503 443
5635 443
5821 443
457 444
473 444
474 444
1477 444
2503 444
2943 444
3013 444
3545 444
3885 444
4579 444
614 445
744 445
913 445
1274 445
1332 445
1642 445
1871 445
2154 445
2493 445
2596 445
2813 445
2928 445
3185 445
3426 445
3750 445
3881 445
3921 445
4009 445
4847 445
4859 445
4997 445
5065 445
5309 445
5323 445
5593 445
760 446
1064 446
2863 446
3776 446
4217 446
5660 446
5985 446
6098 446
802 447
984 447
1356 447
1485 447
1800 447
2036 447
2209 447
2233 447
4176 447
4205 447
4250 447
4334 447
4559 447
4582 447
5014 447
5109 447
766 448
909 448
1254 448
1361 448
1486 448
1738 448
2002 448
2633 448
2722 448
2997 448
3282 448
3283 448
3661 448
4107 448
4233 448
4368 448
4515 448
4956 448
5373 448
5477 448
5736 448
5784 448
579 449
731 449
944 449
1562 449
1674 449
1699 449
1959 449
2704 449
3787 449
3803 449
3975 449
5184 449
5981 449
483 450
1422 450
2869 450
2979 450
4136 450
4435 450
5600 450
554 451
557 451
599 451
750 451
889 451
894 451
1110 451
1560 451
1928 451
1962 451
2304 451
2353 451
2355 451
2364 451
2520 451
2542 451
2664 451
3449 451
3631 451
3657 451
3739 451
4251 451
4304 451
4490 451
4524 451
4803 451
4902 451
4936 451
5112 451
5116 451
5437 451
5664 451
5734 451
5882 451
739 452
916 452
1110 452
1116 452
1363 452
1811 452
2186 452
3087 452
3306 452
3772 452
3813 452
3859 452
3897 452
4750 452
5243 452
5391 452
5560 452
5642 452
5657 452
5703 452
2572 453
3254 453
6089 453
473 454
977 454
1465 454
1469 454
1567 454
1622 454
2454 454
2700 454
2992 454
3154 454
3318 454
3527 454
3691 454
3713 454
3905 454
4024 454
4701 454
4968 454
5158 454
5350 454
5524 454
6042 454
479 455
784 455
1023 455
1271 455
1846 455
2884 455
3473 455
3984 455
4153 455
4274 455
4454 455
4824 455
5195 455
5229 455
5360 455
5476 455
5767 455
5854 455
460 456
479 456
483 456
999 456
1094 456
1127 456
1689 456
1822 456
1873 456
2098 456
2212 456
2280 456
2362 456
2472 456
2595 456
2827 456
2932 456
2949 456
3706 456
3757 456
3882 456
3883 456
3889 456
4146 456
4187 456
4198 456
4224 456
4284 456
4383 456
4398 456
4478 456
4630 456
4805 456
4976 456
5159 456
5271 456
5675 456
6056 456
582 457
732 457
1495 457
1575 457
1735 457
3031 457
3598 457
4412 457
4476 457
4804 457
3370 458
890 459
1108 459
2234 459
2888 459
3454 459
3991 459
4361 459
4474 459
5062 459
5807 459
5986 459
4509 460
4741 460
4765 460
4836 460
5005 460
5019 460
5127 460
5141 460
5301 460
5319 460
5426 460
5434 460
5478 460
5486 460
5550 460
5561 460
5611 460
5636 460
6015 460
6016 460
486 461
681 461
824 461
920 461
1031 461
1809 461
2064 461
2668 461
3006 461
3185 461
3278 461
3487 461
3717 461
3774 461
3797 461
3965 461
4170 461
4832 461
4833 461
5076 461
5192 461
5193 461
5670 461
5781 461
1314 462
1844 462
1915 462
2137 462
2162 462
2680 462
2831 462
2858 462
3032 462
3164 462
3546 462
3641 462
3818 462
3845 462
3847 462
4352 462
4659 462
5198 462
5525 462
5878 462
5915 462
5920 462
6075 462
860 463
1014 463
1162 463
2114 463
2375 463
2583 463
3748 463
3886 463
3919 463
4080 463
4279 463
4665 463
5247 463
5560 463
510 464
757 464
1724 464
2886 464
3012 464
3697 464
5461 464
5783 464
484 465
2440 465
4829 465
5816 466
5834 466
470 467
1005 467
1006 467
1168 467
2215 467
2323 467
2614 467
2770 467
2907 467
3228 467
3838 467
3842 467
4024 467
4346 467
4766 467
4768 467
4879 467
5075 467
5526 467
5993 467
1133 468
1235 468
2204 468
2535 468
3886 468
4227 468
4315 468
4636 468
5911 468
2892 469
4185 469
720 470
733 470
1005 470
1045 470
1140 470
1456 470
1567 470
2464 470
2509 470
2972 470
3003 470
3691 470
3838 470
4024 470
4168 470
4281 470
4399 470
4412 470
4674 470
4714 470
5947 470
503 472
518 472
930 472
1147 472
1290 472
1603 472
2171 472
3059 472
3262 472
3935 472
3937 472
3961 472
4445 472
4449 472
4491 472
4906 472
5123 472
5683 472
952 473
1467 473
1938 473
2243 473
2318 473
2469 473
2838 473
3766 473
4115 473
4375 473
4494 473
4753 473
4817 473
5399 473
5459 473
5584 473
5647 473
908 474
1362 474
1674 474
2275 474
2828 474
2894 474
4592 474
714 475
790 475
3153 475
3172 475
3311 475
4919 475
5003 475
5068 475
5121 475
5355 475
5496 475
479 476
1277 476
1296 476
1297 476
1298 476
1305 476
1832 476
2263 476
3161 476
3301 476
3381 476
3382 476
3391 476
3393 476
3394 476
3464 476
3521 476
3699 476
5353 476
5422 476
5694 476
5698 476
5704 476
5712 476
5841 476
5928 476
5940 476
5943 476
5962 476
5964 476
6041 476
6050 476
6060 476
6062 476
6071 476
806 477
831 477
1986 477
2478 477
3664 477
3758 477
5682 477
726 478
891 478
2384 478
2840 478
3248 478
3891 478
5881 478
5084 479
5131 479
5142 479
5295 479
5433 479
5483 479
5617 479
5695 479
5740 479
5833 479
5962 479
1413 480
4648 480
5815 480
656 481
725 481
736 481
801 481
1127 481
1661 481
1666 481
2741 481
3225 481
3740 481
3839 481
4103 481
4300 481
4467 481
5084 481
5579 481
5939 481
496 482
831 482
938 482
1322 482
1847 482
1899 482
2052 482
2066 482
2517 482
2532 482
3475 482
4474 482
4519 482
4602 482
4888 482
5733 482
5840 482
5905 482
556 483
749 483
814 483
1094 483
1379 483
1422 483
1554 483
1597 483
1615 483
1671 483
1689 483
1807 483
1821 483
2032 483
2246 483
2339 483
2560 483
2834 483
2864 483
2932 483
2936 483
3125 483
3410 483
3453 483
3689 483
3696 483
3814 483
3982 483
4068 483
4120 483
4306 483
4318 483
4550 483
4637 483
4737 483
4763 483
4786 483
4834 483
4902 483
4928 483
5277 483
5527 483
5829 483
6093 483
1208 484
1320 484
1378 484
2440 484
2461 484
2761 484
2951 484
3166 484
3369 484
3957 484
4379 484
5210 484
5819 484
557 485
853 485
1074 485
1200 485
1230 485
1396 485
1481 485
1715 485
1770 485
1779 485
2001 485
2062 485
2333 485
2457 485
2492 485
2707 485
2760 485
3431 485
3458 485
3595 485
3863 485
3874 485
4034 485
4223 485
4245 485
4290 485
4343 485
4474 485
4490 485
4557 485
4660 485
4662 485
4695 485
4711 485
4840 485
4868 485
5171 485
5207 485
5407 485
5788 485
5919 485
6044 485
655 486
895 486
929 486
1570 486
1629 486
1724 486
1780 486
2268 486
2314 486
2927 486
3882 486
4160 486
4178 486
4296 486
4349 486
4943 486
5223 486
5279 486
5393 486
5961 486
1814 487
3492 487
4314 487
4852 487
5663 487
677 488
755 488
946 488
959 488
1270 488
1315 488
1359 488
1584 488
1618 488
1747 488
1859 488
1923 488
1963 488
2113 488
2208 488
2696 488
2859 488
3093 488
3122 488
3132 488
3192 488
3459 488
3609 488
3633 488
3654 488
4234 488
4294 488
4322 488
4743 488
4960 488
5387 488
5534 488
5567 488
5627 488
5896 488
5910 488
1161 489
1193 489
1888 489
1972 489
2077 489
2155 489
2491 489
2725 489
3447 489
3756 489
4518 489
5089 489
5138 489
2174 490
2386 490
2921 490
2957 490
3178 490
3487 490
3628 490
4822 490
5189 490
4204 491
589 492
2040 492
4661 492