0 1
0 2
1 3
1 4
2 728
2 1720
2 4
2 1721
3 79
3 77
3 725
3 726
3 727
4 593
4 594
4 692
4 700
4 79
4 723
4 77
4 1593
4 1701
5 6
5 7
6 705
6 140
6 707
6 739
6 7
6 740
8 9
9 64
9 111
9 118
9 141
9 65
9 370
9 427
9 166
9 841
9 885
9 167
9 771
9 168
9 992
9 993
9 994
9 1021
9 170
9 172
9 173
9 782
9 174
9 53
9 1231
9 1232
9 1199
9 1273
9 1280
9 1286
9 1200
9 1201
9 1304
9 1313
9 1203
9 1331
9 1335
9 1366
9 1370
9 1371
9 179
9 180
9 181
9 182
9 1402
9 838
9 765
9 1394
9 1419
9 1205
9 188
9 190
9 1502
9 1504
9 191
9 777
9 192
9 195
9 196
9 1143
9 1590
9 873
9 1618
9 199
9 1644
9 1646
9 1652
9 200
9 201
9 1058
9 1653
9 1654
9 203
9 152
9 1655
9 211
9 1408
9 212
9 213
9 214
9 1656
9 1657
9 511
9 1658
9 221
9 222
9 1659
9 1660
9 223
9 224
9 1661
9 1662
9 1663
9 1664
9 289
9 1379
9 1380
9 67
9 1665
9 229
9 1666
9 1667
9 1668
9 230
9 231
9 1223
9 513
9 1086
9 232
9 1669
10 11
11 79
11 718
11 725
12 13
13 68
13 77
14 15
14 16
14 17
15 16
15 17
16 17
17 701
17 704
18 19
18 20
19 1316
20 317
20 1316
20 159
21 22
22 92
22 1016
22 1017
22 506
23 24
23 25
23 26
24 580
24 1072
24 1187
24 96
24 1188
24 1189
24 1190
25 1030
25 1189
26 317
26 158
26 861
26 394
26 103
26 1189
27 28
28 1252
28 1557
28 873
28 1601
28 1758
28 1465
28 1818
29 30
29 31
29 32
29 33
29 34
29 35
29 36
29 37
29 38
29 39
29 40
29 41
29 42
30 51
30 377
30 44
30 123
30 101
30 1489
30 545
30 618
30 1533
30 374
30 31
30 1710
30 1711
30 1531
30 1464
30 35
30 1712
30 551
30 40
30 41
30 666
30 108
30 1713
31 1711
31 32
31 35
31 1051
31 1712
32 1328
32 1533
32 1678
32 33
32 34
32 35
32 36
32 37
32 1566
32 1679
32 39
32 1680
32 1681
32 40
32 42
33 1678
33 1566
33 1681
33 40
33 41
34 1678
34 1680
34 1784
35 1712
35 40
35 41
36 159
36 1769
36 37
36 39
37 1769
37 39
38 49
38 158
38 1420
38 39
38 1802
39 1769
40 1678
40 1566
40 41
40 42
41 1566
42 239
42 374
42 1679
43 44
44 291
44 318
44 477
44 478
44 292
44 504
44 50
44 479
44 295
44 296
45 46
46 629
46 630
46 631
46 632
47 48
48 497
48 1431
48 1476
48 1588
48 1684
48 1685
49 50
50 51
50 380
50 145
50 445
50 1420
50 103
50 1631
50 1365
50 1315
50 1796
50 132
52 53
53 64
53 65
53 612
53 655
53 787
53 879
53 911
53 167
53 924
53 474
53 169
53 1012
53 1020
53 1037
53 173
53 782
53 1129
53 800
53 174
53 1198
53 1199
53 626
53 1200
53 1201
53 1202
53 1203
53 557
53 1204
53 989
53 838
53 765
53 186
53 1205
53 1206
53 1207
53 188
53 1208
53 1209
53 190
53 96
53 1210
53 1211
53 1212
53 1213
53 1214
53 507
53 200
53 766
53 1130
53 1058
53 1215
53 1216
53 210
53 1217
53 211
53 1218
53 1219
53 476
53 1220
53 223
53 881
53 1131
53 67
53 1221
53 1222
53 1223
53 910
53 1224
53 233
54 55
54 56
54 57
54 58
54 59
55 275
55 276
55 801
55 802
55 803
55 804
55 805
55 806
55 678
55 484
55 807
56 406
56 320
56 264
56 944
56 1123
56 1251
56 617
56 866
56 1436
56 618
56 1437
56 604
56 945
56 874
56 1438
56 1435
56 1439
56 1440
57 1175
57 1503
57 1453
58 618
59 264
59 601
59 618
59 674
59 1606
60 61
60 62
60 63
62 154
62 502
62 503
62 1477
62 1560
62 1561
62 1562
62 1563
62 1564
63 1700
63 1564
64 65
64 66
64 67
65 111
65 141
65 163
65 164
65 165
65 166
65 167
65 168
65 169
65 170
65 171
65 172
65 173
65 174
65 175
65 176
65 177
65 178
65 179
65 180
65 181
65 182
65 183
65 184
65 185
65 186
65 187
65 188
65 189
65 190
65 191
65 192
65 193
65 194
65 195
65 66
65 196
65 197
65 198
65 199
65 200
65 201
65 202
65 203
65 204
65 205
65 206
65 207
65 208
65 209
65 210
65 211
65 212
65 213
65 214
65 215
65 216
65 217
65 218
65 219
65 220
65 221
65 222
65 223
65 224
65 225
65 67
65 226
65 227
65 228
65 229
65 230
65 231
65 232
65 233
66 141
66 192
66 1581
66 203
66 1582
66 1583
66 289
67 141
67 174
67 192
67 210
67 213
69 70
69 71
70 72
70 71
70 73
70 74
70 75
70 76
71 72
71 79
71 140
71 730
71 737
71 76
72 709
72 710
72 262
72 76
72 711
73 74
73 759
73 75
74 712
74 713
74 714
78 79
79 715
79 702
79 716
79 717
79 698
79 718
79 249
79 719
79 720
79 721
79 691
79 722
80 81
81 893
82 83
82 84
82 85
82 86
82 87
82 88
82 89
82 90
82 91
83 84
83 86
83 448
83 449
83 450
83 88
83 451
83 91
83 452
84 86
84 448
84 449
84 450
84 358
84 89
84 742
84 743
84 744
84 451
84 91
84 452
85 354
85 86
85 87
85 355
85 356
85 448
85 358
85 359
85 88
85 360
85 90
85 745
85 746
85 451
86 87
86 448
86 358
86 359
86 88
86 89
86 742
86 743
86 744
86 747
86 91
87 356
87 448
87 358
87 88
88 448
88 360
88 89
88 90
88 751
88 451
88 91
89 448
89 450
89 90
89 751
89 451
89 91
90 354
90 355
90 356
90 448
90 748
90 357
90 360
90 362
90 751
90 746
90 451
90 364
90 91
91 448
91 805
91 450
91 358
91 451
91 452
93 94
94 466
94 1104
94 1034
95 96
96 438
96 473
96 627
96 870
96 474
96 1107
96 472
96 1126
96 1113
96 321
96 1472
96 1506
96 106
96 1507
96 1508
96 1509
96 1510
96 1511
96 479
96 443
96 1122
97 98
97 99
97 100
97 101
97 102
97 103
97 104
98 126
98 127
98 128
98 129
98 130
98 131
98 132
99 412
99 413
99 414
99 415
99 127
99 416
99 417
99 418
99 419
99 420
99 421
99 422
99 398
99 423
99 424
99 131
100 158
100 413
100 420
100 384
100 422
100 423
100 424
100 131
101 371
101 412
101 502
101 320
101 883
101 912
101 517
101 336
101 884
101 963
101 478
101 964
101 965
101 481
101 966
101 967
101 422
101 968
101 969
101 970
101 971
101 863
101 972
101 973
101 974
101 975
101 323
101 244
101 246
101 104
101 976
101 977
101 978
101 979
101 980
101 981
101 125
101 982
101 855
101 247
102 412
102 413
102 845
102 846
102 848
102 415
102 127
102 416
102 417
102 420
102 384
102 421
102 422
102 398
102 423
102 424
102 131
102 1268
102 1269
103 803
103 145
103 1264
103 1310
103 866
103 396
103 422
103 1329
103 868
103 864
103 1524
103 1269
103 1525
104 286
104 422
104 1485
104 559
104 159
104 545
104 423
104 424
105 106
105 107
105 108
106 517
106 1264
106 884
106 969
107 337
107 517
107 1264
107 1265
107 1317
107 1460
107 969
107 1649
108 377
108 861
108 396
108 969
108 868
108 399
108 400
108 329
108 125
109 110
110 1144
112 113
112 114
113 706
114 706
114 1101
114 159
115 116
115 117
116 371
116 589
116 145
116 1088
116 1043
116 1031
116 323
116 243
116 1384
116 246
116 1150
116 1385
116 1386
116 1387
116 125
117 122
117 453
117 162
117 801
117 839
117 886
117 499
117 802
117 893
117 947
117 962
117 935
117 340
117 804
117 1169
117 960
117 321
117 282
117 602
117 618
117 603
117 1519
117 1520
117 246
117 1385
117 1521
117 1522
117 961
117 1100
117 1386
117 605
119 120
119 121
120 595
120 596
120 597
120 211
122 123
122 124
122 125
123 436
123 665
123 264
123 437
123 321
123 617
123 342
123 741
123 666
123 605
123 247
124 159
124 1421
125 239
125 317
125 377
125 158
125 849
125 1170
125 478
125 159
125 545
125 374
125 620
125 892
125 551
125 1164
125 1467
126 162
127 373
127 861
127 854
127 862
127 423
127 863
127 864
128 338
128 377
128 1027
128 862
128 341
128 1041
128 342
128 1031
129 862
130 239
130 321
130 862
130 374
130 620
130 1705
131 963
131 861
131 862
131 863
131 1763
132 426
132 862
132 1766
132 1763
133 134
133 135
133 136
134 137
134 138
134 135
134 1399
134 1400
134 136
134 650
135 431
135 1475
135 1476
135 1477
136 137
136 138
136 1752
137 138
138 234
138 984
138 1029
138 1431
138 1432
138 1400
138 1433
139 140
140 705
140 729
140 262
140 730
140 731
140 732
140 733
140 708
140 734
140 735
140 736
141 142
141 143
142 1209
142 1582
142 233
143 1291
143 1582
144 145
144 146
144 147
145 1043
146 947
146 1262
146 973
146 401
146 243
146 246
146 981
147 326
147 251
147 1637
147 1384
147 246
147 1640
148 149
148 150
149 151
149 152
149 153
151 781
151 782
151 783
151 784
151 785
151 786
152 1715
155 156
156 1529
156 1530
156 892
156 1733
156 1803
157 158
157 159
158 274
158 318
158 502
158 514
158 515
158 516
158 517
158 518
158 396
158 519
158 520
158 521
158 522
158 523
158 241
158 524
158 525
158 526
158 527
158 326
158 328
158 528
158 529
158 530
158 531
158 532
158 533
158 534
158 402
159 160
159 318
159 502
159 320
159 816
159 888
159 1266
159 536
159 965
159 1446
159 394
159 966
159 1505
159 1529
159 645
159 1536
159 619
159 1537
159 1362
159 1538
159 1031
159 1539
159 1363
159 1284
159 1540
159 974
159 1364
159 323
159 242
159 326
159 1541
159 1542
159 1524
159 851
159 1389
159 1463
159 1543
159 294
159 1544
159 976
159 489
159 329
159 1172
159 1545
159 531
159 532
159 978
159 1546
159 980
159 1282
159 869
159 247
160 161
161 944
162 481
162 482
163 258
163 259
165 578
165 579
167 190
169 787
169 987
169 789
169 988
169 989
169 990
169 991
170 1022
171 367
171 407
171 172
171 1083
172 367
172 407
172 1083
172 1084
172 1085
172 1086
172 232
175 576
180 289
181 1390
181 289
181 616
182 1394
183 1197
184 1197
184 1412
185 1185
185 289
187 509
187 289
187 572
190 490
192 1472
192 204
192 1254
192 1574
192 233
204 1141
204 576
204 989
204 838
204 269
204 1143
204 1144
204 1117
207 1591
207 1122
209 1578
211 263
211 312
211 596
215 1739
218 1334
226 298
226 616
233 289
235 236
236 576
236 1372
236 1373
236 1374
237 238
238 704
239 240
239 241
239 242
239 243
239 244
239 245
239 246
239 247
240 815
241 1356
241 1094
241 815
242 374
243 1707
244 308
244 815
244 1467
246 317
246 372
246 846
246 849
246 953
246 1015
246 1170
246 1230
246 321
246 1494
246 939
246 1534
246 545
246 487
246 374
246 620
246 1442
246 550
246 551
246 552
246 1164
246 1787
246 1788
246 1467
246 1705
247 817
247 382
247 419
247 420
247 1170
247 385
247 388
247 1489
247 374
247 1315
248 249
250 251
251 1111
251 1170
251 791
251 1467
252 253
252 254
252 255
254 790
254 1212
254 506
254 1248
256 257
257 267
257 429
257 333
257 430
258 1486
259 1486
260 261
260 262
261 262
261 760
261 761
261 762
262 705
262 763
262 764
262 760
262 711
262 735
262 761
262 762
263 264
263 265
263 266
264 320
264 437
264 871
264 872
264 873
264 874
264 875
264 876
264 877
264 878
266 1457
268 269
269 576
269 1416
269 1417
269 1061
269 1063
270 271
270 272
270 273
271 428
271 272
272 273
272 1484
273 428
275 276
275 277
275 278
276 409
276 678
276 484
276 679
277 353
277 765
277 807
277 1003
278 580
279 280
280 406
281 282
281 283
282 755
282 1479
282 1480
283 1567
284 285
285 945
285 1044
286 287
287 1491
288 289
288 290
289 314
289 1113
289 989
289 1429
289 1527
289 1762
289 1793
290 1225
291 292
291 293
291 294
291 295
291 296
292 318
292 1495
292 504
292 480
292 296
294 317
294 580
294 1015
294 1245
294 296
294 1467
294 1705
295 318
295 1495
295 504
295 296
296 321
296 1260
296 522
296 978
297 298
297 299
298 614
298 615
298 616
299 1151
299 1548
299 1698
299 1699
300 301
300 302
300 303
300 304
301 1368
302 333
303 1198
304 469
304 1797
305 306
305 307
306 556
306 1155
306 576
306 1350
306 1451
306 1337
306 1239
306 1754
306 1755
309 310
309 311
310 787
310 831
310 933
310 800
310 1017
310 1052
310 1053
310 591
310 506
310 1054
311 472
313 314
313 315
313 316
314 827
316 1168
317 318
317 319
317 320
317 321
317 322
317 323
317 324
317 325
317 326
317 327
317 328
317 329
317 330
318 477
318 478
318 374
318 479
318 480
319 447
320 600
320 601
320 617
320 602
320 618
320 603
320 619
320 620
320 621
320 574
320 605
321 684
321 817
321 953
321 803
321 447
321 1283
321 863
321 1284
323 377
323 1170
323 545
323 374
323 551
323 1164
324 790
324 814
325 1489
325 1177
325 1396
325 1535
326 374
326 493
326 551
327 374
327 1467
328 374
328 1705
329 381
329 1533
329 1442
329 1464
329 531
329 1806
329 1315
330 1585
331 332
331 333
331 334
333 1145
333 429
333 1383
333 1287
333 430
334 1459
335 336
336 338
336 508
336 583
336 817
336 435
336 539
336 1040
336 395
336 1041
336 546
338 339
338 340
338 341
338 342
338 343
338 344
338 345
338 346
338 347
338 348
338 349
340 663
340 839
340 499
340 515
340 960
340 426
340 1097
340 1098
340 1099
340 574
340 1100
341 651
341 342
341 345
341 654
341 349
342 628
342 1552
342 1594
342 1595
342 1564
344 947
344 1514
344 1620
344 348
344 1467
345 516
345 346
347 349
348 1513
348 1514
348 1620
348 1778
348 1785
349 1031
350 351
351 829
351 830
352 353
353 768
353 1308
353 1309
354 355
354 356
354 357
354 358
354 359
354 360
354 361
354 362
354 363
354 364
355 356
355 748
355 358
355 359
355 360
355 361
355 362
355 363
355 746
355 451
355 364
356 357
356 358
356 749
356 361
356 362
356 750
356 751
356 752
356 363
356 746
356 364
357 749
357 361
357 362
357 751
357 752
357 363
357 364
358 1341
358 449
358 450
358 1342
358 359
358 1757
358 742
358 751
358 1343
358 363
358 746
358 744
358 747
358 452
359 448
359 1757
359 360
359 745
359 751
360 748
360 361
360 745
360 751
360 746
360 451
360 364
361 362
361 363
361 746
361 364
362 750
362 751
362 363
363 749
363 751
363 752
363 364
364 748
364 751
364 752
365 366
366 1497
368 369
369 600
369 1181
369 1182
369 785
369 1183
369 588
369 1184
369 443
371 372
371 373
371 374
372 681
372 753
373 812
373 415
373 416
373 516
373 398
373 868
373 1096
374 1042
374 963
374 1332
374 966
374 1513
374 1537
374 1514
374 1627
374 1019
374 1031
374 1628
374 1629
374 1630
374 1363
374 1631
374 1632
374 1633
374 1634
374 1635
374 1531
374 1541
374 1636
374 1637
374 528
374 1638
374 1544
374 1639
374 976
374 489
374 1522
374 1640
374 1641
374 977
374 980
374 1282
374 1386
374 1642
374 1643
374 1564
375 376
376 769
376 499
376 770
376 771
376 772
376 773
376 774
376 775
376 776
376 777
376 506
376 778
376 611
376 779
376 780
377 378
377 379
377 380
377 381
377 382
377 383
377 384
377 385
377 386
377 387
377 388
377 389
377 390
377 391
377 392
377 393
377 394
377 395
377 396
377 397
377 398
377 399
377 400
377 401
377 402
379 538
379 395
379 545
379 547
379 550
379 551
380 447
380 633
380 634
380 635
381 1018
381 400
381 1019
382 854
382 1078
382 1079
382 1080
382 423
382 1081
382 864
382 1082
383 853
383 850
384 457
385 854
385 423
385 1177
385 1178
386 400
387 931
387 400
387 1263
388 394
388 835
389 403
389 392
392 423
393 394
393 396
393 400
394 559
394 1263
395 539
395 540
395 541
395 542
395 543
395 544
395 1461
395 545
395 546
395 547
395 1462
395 1463
395 1464
395 548
395 549
395 550
395 551
395 552
395 1268
395 553
395 554
395 555
396 815
396 493
397 400
397 864
398 1033
399 1005
399 1080
400 1263
400 1687
400 402
402 687
402 823
402 847
402 1515
402 1298
404 405
405 515
405 962
406 410
406 411
408 409
409 857
410 601
410 1123
410 1249
410 1250
410 1251
410 1252
410 618
410 604
411 1434
411 1435
413 423
415 854
415 424
415 855
416 812
416 865
416 854
416 866
416 520
416 867
416 423
416 868
416 424
416 864
416 869
416 855
417 854
419 854
421 854
422 862
423 845
423 1612
423 1269
425 426
426 1283
426 644
426 1362
426 1363
426 974
426 1364
426 1365
426 555
429 1289
429 941
429 615
429 1287
429 1378
431 432
431 433
434 435
435 803
436 437
437 1075
437 1076
437 617
437 741
437 1077
438 439
438 440
438 441
438 442
438 443
440 1498
443 1509
444 445
445 861
445 1263
445 1282
446 447
447 1146
447 1148
447 1149
447 1150
447 582
448 742
448 743
449 1341
449 450
449 1342
449 751
449 1343
449 743
449 744
449 452
450 1341
450 1342
450 1757
450 1343
450 743
450 744
450 747
450 452
451 748
451 745
451 751
452 1342
452 1737
452 1757
452 751
452 744
452 747
453 454
453 455
453 456
453 457
453 458
453 459
454 796
454 797
454 472
454 798
454 506
454 507
455 787
455 818
455 472
455 860
457 460
457 1258
457 458
458 460
458 1258
459 460
459 952
459 1101
459 1119
459 1113
459 805
459 1276
459 865
459 1312
459 461
459 1670
459 1001
459 1671
459 1672
460 461
460 462
463 464
464 963
464 1497
465 466
465 467
466 1073
466 1034
466 1074
467 1027
467 1034
468 469
468 470
469 935
469 936
469 903
469 1290
469 938
469 1291
469 904
470 622
470 624
470 1740
470 1767
471 472
472 952
472 1112
472 1113
472 1114
472 1115
472 1116
472 677
472 1117
472 1048
472 1118
472 495
473 474
474 955
475 476
476 1746
476 587
478 519
478 981
482 862
483 484
485 486
485 487
486 1482
487 1577
487 1482
487 1110
488 489
491 492
491 493
492 805
492 1274
492 1275
493 1363
493 1708
494 495
495 1186
495 1226
495 1725
495 1750
495 1798
495 1801
495 1807
496 497
498 499
498 500
498 501
499 629
499 889
499 755
499 890
499 785
500 1479
500 1480
500 1481
501 1415
501 890
501 785
502 503
503 1490
504 1729
505 506
505 507
506 1112
506 790
506 800
506 1102
506 1235
506 591
506 1512
506 507
506 1195
506 677
506 1598
506 1118
506 1103
510 511
510 512
510 513
515 839
515 960
515 545
515 603
515 961
515 605
516 814
517 883
517 1026
519 1449
519 634
519 635
520 843
520 1488
522 1093
522 1258
522 1168
524 822
524 1023
524 679
528 815
530 1391
530 1523
531 791
531 1533
531 1464
531 1491
531 1813
535 536
535 537
538 539
538 540
538 541
538 542
538 543
538 544
538 545
538 546
538 547
538 548
538 549
538 550
538 551
538 552
538 553
538 554
538 555
540 549
541 550
543 550
545 1191
545 966
545 1031
545 1568
545 976
545 549
545 977
545 554
545 1569
546 1649
546 550
547 1749
547 549
547 1734
547 554
548 1649
548 550
549 550
549 551
549 552
550 567
550 618
550 1588
550 1568
550 551
550 552
550 553
550 554
550 555
550 1804
551 567
551 965
551 966
551 618
551 972
551 1284
551 1741
551 1633
551 1568
551 1768
551 1638
551 976
551 977
551 753
551 554
551 1387
551 555
552 554
553 1812
555 1759
556 557
557 1357
558 559
559 889
559 564
559 854
559 1079
559 1485
559 1496
560 561
560 562
561 1105
561 1106
562 1056
562 1009
562 1474
563 564
565 566
566 1060
566 1061
566 1062
566 1063
566 1064
566 1065
566 1066
566 1067
566 1068
566 1069
568 569
569 885
570 571
570 572
573 574
574 1773
574 1100
575 576
575 577
576 856
576 1201
576 1236
576 1237
576 1143
576 1238
576 1239
576 1061
576 1240
576 1241
577 667
577 1198
577 1247
580 581
580 582
581 889
581 1132
581 1133
581 1134
582 1049
582 1774
582 1282
584 585
584 586
584 587
584 588
588 1113
588 1716
588 1718
588 1760
588 1067
590 591
590 592
591 682
593 594
597 1726
598 599
599 669
599 1146
600 601
600 602
600 603
600 604
600 605
601 801
601 1090
601 602
601 604
601 1091
602 603
602 605
604 1449
604 758
604 1309
604 876
605 1097
606 607
607 1136
607 1700
608 609
609 758
609 638
610 611
611 612
611 770
612 613
613 1307
616 1410
618 1439
618 878
619 660
620 981
621 1781
621 1427
623 624
625 626
626 789
626 1107
626 1253
626 1254
629 630
629 631
629 632
630 632
633 1279
634 1450
635 883
635 1310
636 637
636 638
637 765
637 766
638 1235
638 1253
638 758
638 1693
638 1244
639 640
639 641
639 642
639 643
639 644
639 645
639 646
639 647
639 648
639 649
639 650
640 641
640 642
640 986
640 643
640 645
640 649
640 650
641 986
641 643
641 671
641 646
641 647
641 649
641 1092
642 643
642 644
642 645
642 646
642 1323
642 1324
642 1325
642 647
642 648
642 649
642 1326
642 650
643 986
643 644
643 645
643 671
643 646
643 1323
643 1324
643 647
643 649
643 1326
643 650
644 645
644 671
644 815
644 1323
644 650
644 1092
645 670
645 986
645 671
645 646
645 1607
645 1323
645 1324
645 1325
645 647
645 648
645 649
645 650
646 986
646 649
646 1675
646 650
647 671
647 648
647 649
647 650
648 986
648 1323
648 1324
648 1325
648 649
648 1326
648 1092
649 671
649 1325
649 650
650 670
650 671
650 1326
650 1092
651 652
651 653
651 654
652 653
656 657
657 950
658 659
658 660
661 662
662 1017
663 664
665 666
668 669
669 684
669 819
669 962
669 803
669 960
669 1071
669 1047
670 671
671 986
671 1323
671 1325
671 1326
671 1092
672 673
672 674
673 964
673 674
674 1606
675 676
675 677
677 792
677 1195
677 793
678 1351
680 681
681 887
681 1135
681 1136
681 1137
681 1138
682 683
683 1727
684 685
684 686
686 1252
686 1465
688 689
688 690
688 691
690 692
692 693
692 694
692 695
692 696
693 699
697 698
698 725
701 702
701 703
703 704
705 706
705 707
705 708
706 811
709 724
710 724
712 713
712 714
713 714
713 759
718 723
718 725
720 1478
729 735
729 738
733 948
741 936
741 1076
741 1691
742 1342
742 1757
742 751
742 1343
742 743
742 744
742 747
743 1341
743 1342
743 1343
743 744
743 747
744 751
744 1343
744 747
747 1342
747 1757
747 751
747 1343
749 750
749 751
749 752
750 751
751 1341
751 1736
751 1342
751 1737
751 1757
751 1777
751 752
751 1343
751 1344
753 1686
753 1610
754 755
754 756
754 757
756 894
756 1087
758 1253
760 761
760 762
761 1528
763 956
765 1020
765 1129
765 1270
765 1185
765 1418
766 1270
767 768
769 836
770 918
770 919
770 920
770 776
770 921
770 922
770 923
772 946
773 828
773 832
773 1024
773 1025
774 1038
785 1429
787 788
787 789
787 790
787 791
787 792
787 793
787 794
787 795
790 1193
790 792
790 793
790 1194
791 1017
791 1600
792 793
793 1695
794 1771
799 800
800 1113
800 1157
800 1195
803 823
803 884
803 889
803 1011
805 1080
808 809
808 810
809 810
810 1360
810 1361
812 813
812 814
812 815
813 1049
813 1050
813 1051
814 1005
814 1433
815 1719
820 821
821 835
822 823
822 824
822 825
823 1051
826 827
827 1213
829 834
829 1031
832 833
837 838
838 1141
838 1407
838 1408
838 1409
839 840
841 842
843 844
844 1650
844 1651
846 847
849 850
849 851
850 852
850 978
852 853
857 954
858 859
859 999
859 1161
861 1180
861 1327
861 1328
861 1329
861 1330
863 1327
864 1281
864 1393
864 1766
866 944
868 1179
868 1262
868 1619
872 1576
872 1296
872 1297
873 944
873 1123
873 1252
873 1601
873 1602
874 1438
874 1110
875 1014
880 881
881 882
881 1775
881 1789
883 884
884 934
889 1230
890 1227
891 892
892 1530
892 1722
892 1733
892 1734
894 895
896 897
896 898
897 1613
898 1421
899 900
899 901
899 902
899 903
899 904
900 938
902 903
902 938
903 938
904 938
905 906
905 907
905 908
905 909
905 910
906 907
906 1334
907 1471
908 1471
908 909
908 910
913 914
913 915
913 916
913 917
914 1354
914 1468
915 1469
915 917
916 1469
919 1320
919 1483
923 1483
925 926
925 927
925 928
925 929
925 930
929 1354
931 932
932 1079
932 1153
932 967
932 1154
934 935
934 936
934 937
934 938
934 939
934 940
934 941
934 942
935 936
935 1095
935 938
935 942
936 1165
936 1166
938 1095
939 1501
939 974
940 1518
940 1550
941 1551
942 1166
943 944
943 945
944 962
944 945
944 1044
944 1045
944 1046
944 1047
944 1048
945 1045
949 950
949 951
950 1368
950 951
956 1160
956 1202
957 958
957 959
958 1570
958 1031
958 1571
958 1572
958 1573
958 1569
959 1256
959 1714
963 1170
963 1315
964 1285
965 1442
965 1443
966 1170
966 1466
966 1467
968 1458
976 1170
976 1466
976 1467
977 1170
977 1467
978 1534
978 1705
983 984
983 985
984 1039
985 1319
985 1336
985 1337
985 1338
985 1339
985 1340
986 1326
989 1246
989 1375
989 1376
995 996
996 1151
996 1152
997 998
997 999
999 1293
999 1413
999 1414
999 1381
1000 1001
1000 1002
1001 1002
1003 1751
1004 1005
1006 1007
1006 1008
1006 1009
1006 1010
1007 1278
1008 1009
1009 1474
1013 1014
1014 1625
1014 1782
1014 1783
1017 1089
1018 1455
1026 1621
1027 1028
1027 1029
1027 1030
1027 1031
1027 1032
1027 1033
1027 1034
1027 1035
1027 1036
1029 1388
1029 1389
1030 1616
1030 1032
1031 1170
1031 1709
1032 1579
1032 1723
1032 1033
1032 1728
1032 1035
1033 1742
1034 1104
1034 1073
1039 1369
1046 1047
1047 1735
1047 1817
1048 1814
1049 1070
1049 1146
1049 1147
1049 1051
1051 1279
1051 1329
1051 1355
1052 1118
1055 1056
1055 1057
1055 1058
1055 1059
1056 1057
1058 1198
1058 1694
1061 1377
1061 1063
1061 1068
1063 1068
1073 1104
1079 1382
1080 1547
1082 1742
1084 1085
1085 1580
1093 1094
1094 1626
1097 1100
1098 1748
1101 1102
1101 1103
1102 1156
1105 1107
1107 1108
1109 1110
1113 1228
1113 1229
1114 1242
1117 1141
1117 1143
1118 1235
1120 1121
1120 1122
1122 1623
1124 1125
1125 1206
1126 1127
1128 1129
1128 1130
1128 1131
1129 1185
1129 1131
1130 1131
1131 1447
1131 1185
1131 1581
1136 1272
1139 1140
1140 1500
1140 1562
1140 1761
1141 1142
1141 1143
1141 1144
1143 1144
1144 1731
1147 1431
1147 1476
1151 1152
1156 1157
1156 1158
1159 1160
1160 1267
1162 1163
1162 1164
1163 1298
1163 1299
1164 1311
1164 1441
1164 1298
1164 1640
1166 1167
1168 1345
1168 1260
1168 1346
1168 1347
1168 1348
1170 1171
1170 1172
1170 1173
1170 1174
1172 1554
1172 1555
1175 1176
1185 1617
1191 1192
1194 1409
1195 1235
1196 1197
1197 1300
1197 1301
1198 1246
1198 1247
1200 1246
1205 1314
1205 1424
1205 1425
1206 1413
1206 1430
1212 1596
1212 1597
1216 1397
1216 1359
1216 1704
1216 1381
1221 1424
1221 1425
1222 1609
1233 1234
1233 1235
1235 1499
1238 1239
1239 1645
1239 1241
1243 1244
1244 1614
1246 1587
1248 1584
1251 1379
1251 1380
1251 1381
1254 1472
1255 1256
1255 1257
1256 1745
1256 1257
1257 1745
1258 1259
1258 1260
1258 1261
1259 1406
1263 1281
1263 1454
1269 1328
1271 1272
1272 1673
1272 1674
1274 1690
1276 1277
1282 1466
1286 1287
1286 1288
1292 1293
1293 1549
1294 1295
1294 1296
1294 1297
1296 1576
1296 1297
1297 1576
1298 1682
1298 1683
1301 1775
1301 1794
1301 1795
1301 1815
1302 1303
1303 1304
1305 1306
1305 1307
1308 1318
1313 1314
1315 1810
1320 1321
1320 1322
1328 1526
1332 1333
1334 1349
1336 1401
1341 1342
1341 1343
1341 1344
1342 1736
1342 1737
1342 1777
1342 1343
1342 1344
1343 1736
1343 1737
1343 1757
1343 1344
1344 1736
1344 1737
1352 1353
1353 1421
1353 1422
1354 1355
1358 1359
1359 1398
1360 1361
1361 1423
1363 1466
1367 1368
1368 1556
1368 1692
1368 1657
1375 1772
1376 1423
1381 1753
1385 1707
1386 1774
1388 1432
1388 1702
1388 1586
1388 1389
1389 1702
1391 1392
1392 1523
1392 1603
1395 1396
1396 1496
1397 1398
1402 1403
1402 1404
1402 1405
1405 1516
1406 1559
1410 1411
1411 1413
1413 1504
1413 1648
1421 1533
1426 1427
1426 1428
1427 1781
1431 1473
1432 1586
1435 1764
1438 1724
1442 1537
1443 1622
1444 1445
1445 1484
1447 1448
1449 1450
1450 1487
1452 1453
1454 1455
1455 1733
1456 1457
1457 1604
1467 1575
1467 1599
1467 1809
1467 1819
1470 1471
1482 1535
1483 1605
1483 1786
1484 1652
1484 1688
1488 1492
1488 1676
1488 1677
1492 1493
1495 1578
1495 1729
1496 1546
1496 1610
1509 1622
1513 1514
1514 1620
1517 1518
1521 1733
1529 1530
1529 1531
1530 1531
1532 1533
1533 1611
1534 1535
1540 1554
1540 1555
1546 1770
1551 1805
1553 1554
1553 1555
1554 1588
1554 1589
1555 1588
1555 1589
1557 1558
1564 1647
1564 1732
1565 1566
1566 1678
1566 1681
1577 1578
1578 1729
1587 1706
1587 1730
1587 1756
1591 1592
1592 1738
1606 1808
1607 1765
1608 1609
1614 1615
1624 1625
1678 1679
1678 1680
1678 1681
1679 1680
1679 1681
1680 1681
1687 1743
1688 1689
1693 1747
1695 1696
1695 1697
1697 1816
1702 1703
1707 1708
1716 1717
1716 1718
1736 1737
1743 1744
1746 1790
1747 1800
1765 1791
1765 1792
1775 1776
1779 1780
1780 1790
1790 1799
1805 1811
