0 88
0 365
0 70
1 23
1 388
1 126
1 251
2 397
3 32
3 253
4 347
4 180
4 343
4 360
5 225
6 97
7 396
8 32
9 97
9 245
10 136
11 23
11 388
11 126
11 171
11 61
11 63
12 211
13 376
14 199
14 390
14 287
15 127
15 238
15 451
15 352
15 322
15 260
15 229
15 189
16 52
16 421
17 400
18 423
19 32
20 290
20 23
20 388
20 95
20 344
21 385
21 33
22 32
22 253
23 46
23 278
23 290
23 388
23 83
23 126
23 448
23 301
23 95
23 378
23 409
23 158
23 205
23 344
23 255
23 433
23 162
23 238
23 116
23 224
23 325
23 176
23 268
23 124
23 442
23 186
23 146
23 195
23 31
23 118
23 402
23 171
23 251
23 375
23 348
23 303
23 446
23 173
23 223
23 93
23 240
23 289
23 209
23 63
23 125
23 137
23 177
23 226
23 277
24 32
24 253
25 261
25 123
26 373
27 121
27 232
28 343
29 253
30 210
30 224
30 146
30 195
30 31
31 388
31 186
31 146
31 195
31 118
31 352
32 222
32 261
32 383
32 351
32 310
32 175
32 320
32 428
32 215
32 117
32 356
32 291
32 47
32 218
32 91
32 112
32 161
32 99
32 200
32 295
32 399
32 57
32 110
32 429
32 263
32 335
32 77
32 411
32 114
32 139
32 242
32 257
32 377
32 389
32 172
32 267
32 34
32 237
32 234
32 129
32 366
32 68
32 174
32 447
32 329
32 331
32 193
32 165
32 79
32 337
32 196
32 42
32 350
32 444
32 274
32 131
32 236
32 179
32 441
32 339
33 422
33 271
33 385
33 187
34 253
35 390
36 84
36 384
37 352
37 322
38 208
38 315
38 420
39 338
39 294
39 364
39 185
40 107
41 119
41 253
42 84
42 253
43 410
43 338
43 369
44 155
44 78
44 88
44 419
45 278
45 448
45 344
45 226
46 388
46 348
47 253
48 159
49 203
49 149
50 106
51 92
51 185
51 326
52 148
52 421
52 128
52 140
52 286
53 84
53 253
54 71
54 314
54 279
54 266
54 217
54 249
54 434
54 328
55 214
55 283
55 298
56 382
56 280
56 443
58 66
58 227
59 383
59 259
59 436
59 212
60 254
60 331
60 339
61 126
61 246
62 163
63 388
63 126
63 171
63 303
64 150
65 381
65 307
66 443
67 166
67 202
68 253
69 185
70 359
70 409
70 88
70 375
70 243
70 431
72 392
73 298
74 138
74 435
74 258
75 323
75 283
75 104
76 285
77 352
77 322
77 253
80 331
80 167
81 216
82 373
83 278
83 210
83 388
83 268
83 186
83 223
83 93
83 209
83 226
84 428
84 96
84 372
84 207
84 332
84 179
85 198
85 183
86 342
87 137
87 177
88 423
88 315
88 134
89 239
90 352
90 322
91 253
93 388
93 238
93 124
93 146
93 402
94 253
95 290
95 388
95 395
95 251
95 289
96 319
98 216
98 115
100 426
101 414
102 115
103 185
104 352
104 322
105 239
106 349
106 233
107 266
107 415
108 336
109 421
110 413
111 253
112 432
113 185
115 321
115 362
115 343
115 449
115 340
115 376
116 178
116 278
116 425
116 388
116 268
116 197
116 277
118 388
118 224
118 186
118 240
119 400
120 388
120 224
121 390
121 287
122 315
122 269
123 261
123 130
124 388
124 325
125 359
125 388
125 431
125 412
126 388
126 135
126 289
127 238
127 322
128 304
129 253
130 261
132 445
133 253
135 247
136 401
136 345
136 439
136 365
136 188
136 231
136 406
137 290
137 388
137 301
137 171
137 177
138 435
138 258
141 215
142 451
142 182
142 352
143 323
143 198
144 253
145 185
146 388
146 238
146 186
146 195
146 451
146 322
146 229
147 224
149 235
150 259
150 252
150 333
151 196
151 393
152 300
152 422
152 385
152 194
152 431
152 341
152 296
152 187
153 348
154 365
154 191
154 213
155 157
156 185
158 162
158 226
159 380
159 219
160 185
162 388
162 378
162 209
163 165
164 381
168 212
168 293
169 253
170 373
171 290
171 388
171 301
171 409
171 224
171 375
171 446
171 173
172 312
172 184
173 388
174 253
175 253
176 388
177 388
177 205
177 303
177 412
181 218
182 222
182 186
182 451
182 352
182 322
184 312
185 284
185 273
185 391
185 297
185 316
185 311
185 236
186 388
187 385
187 194
188 363
188 398
188 230
189 451
189 352
189 322
190 253
191 365
191 213
192 413
193 272
194 422
194 385
195 388
195 352
195 322
198 323
199 281
199 287
199 219
200 203
201 253
202 216
204 443
205 388
205 301
205 303
206 299
208 315
209 290
209 400
209 210
209 388
209 378
210 224
210 251
211 312
212 293
212 306
213 365
213 421
214 318
214 323
215 253
216 271
216 220
216 312
216 350
217 331
217 373
217 239
218 349
219 245
219 390
220 385
221 390
221 426
221 244
222 451
222 352
222 322
222 232
223 388
223 433
223 265
223 246
223 226
224 262
224 388
224 240
225 283
225 270
225 417
226 388
226 289
228 323
229 238
229 352
229 322
230 359
230 398
230 443
232 322
232 247
235 370
236 253
238 367
238 388
238 402
238 451
239 390
239 403
240 388
240 348
241 352
241 322
242 253
243 409
243 375
243 386
243 353
243 431
245 308
246 388
246 251
246 250
248 293
249 373
250 395
251 388
251 433
252 449
253 452
253 324
253 261
253 264
253 424
253 383
253 356
253 438
253 263
253 389
253 299
253 416
253 390
253 447
253 434
253 444
253 437
254 388
255 388
255 375
256 276
259 288
259 317
259 436
262 361
265 388
266 373
267 394
268 388
268 277
271 385
272 336
275 351
276 347
276 334
277 278
277 388
278 425
278 388
278 402
280 330
282 315
283 423
285 352
285 322
285 379
289 388
290 388
290 446
292 406
293 306
294 338
294 364
294 313
297 377
298 318
301 388
301 446
302 373
303 388
305 451
307 415
309 392
309 406
313 338
313 364
315 420
315 354
316 325
316 402
322 451
322 352
322 450
323 408
325 388
327 396
327 357
330 387
331 390
332 404
337 400
338 369
340 440
341 386
341 430
341 353
341 431
341 369
342 352
344 388
344 448
344 395
346 397
346 421
348 388
348 445
352 451
352 450
353 386
353 431
355 374
357 414
358 451
359 412
364 369
368 421
369 410
371 390
373 427
373 415
374 414
375 388
375 409
375 418
375 431
375 412
378 388
382 443
385 422
386 430
386 431
388 409
388 433
388 442
388 402
388 446
388 414
393 407
400 413
405 451
409 431
409 412
423 435
430 431
